UNITS=MM
#Layer_Color=16711935
#
#Feature symbol names
#
$0 r99.9998
$1 r49.9999
$2 r49.9872
$3 r199.9996
$4 r50.8
$5 r127
$6 rect4826x2413

#
#Feature attribute names
#
@0 .nomenclature
@1 .string
@2 .string_angle

#
#Feature attribute text strings
#
&0 Assembly Top

#
#Layer features
#
A 12.90560284 65.532 12.90560284 65.532 12.88060162 65.532 0 P 0 N
A 13.95083062 26.43999792 13.95083062 26.43999792 13.57499952 26.43999792 1 P 0 N
A 13.95083062 49.29999792 13.95083062 49.29999792 13.57499952 49.29999792 1 P 0 N
A 34.83394354 7.35499926 34.83394354 7.35499926 34.80000152 7.35499926 1 P 0 N
A 42.27500054 47.29100016 42.27500054 47.29100016 41.77500154 47.29100016 0 P 0 N
A 44.96820064 17.23719946 44.96820064 17.23719946 44.91820074 17.23719946 0 P 0 N
A 49.30040432 16.24191062 49.30040432 16.24191062 49.1754033 16.24191062 1 P 0 N
A 58.83394126 7.35499926 58.83394126 7.35499926 58.79999924 7.35499926 1 P 0 N
A 62.32499854 43.64099984 62.32499854 43.64099984 61.82499954 43.64099984 0 P 0 N
A 73.1900873 8.85291854 73.1900873 8.85291854 72.80008046 8.85291854 1 P 0 N
A 79.73499928 16.4180012 79.73499928 16.4180012 79.23500028 16.4180012 0 P 0 N
A 86.80083224 27.8400002 86.80083224 27.8400002 86.42500114 27.8400002 1 P 0 N
A 86.80083224 50.7000002 86.80083224 50.7000002 86.42500114 50.7000002 1 P 0 N
A 88.05623994 65.59440018 88.05623994 65.59440018 87.8936012 65.59440018 1 P 0 N
L 2.99999908 10.59999912 2.99999908 61.39999912 3 P 0
L 2.99999908 10.59999912 7.99999924 10.59999912 3 P 0
L 2.99999908 61.39999912 7.99999924 61.39999912 3 P 0
L 7.99999924 10.59999912 7.99999924 61.39999912 3 P 0
L 9.69000094 65.1929989 9.69000094 69.24300096 1 P 0
L 9.69000094 65.1929989 14.0900023 65.1929989 1 P 0
L 9.69000094 69.24300096 14.0900023 69.24300096 1 P 0
L 10.45100018 63.9817999 10.45100018 64.5817987 1 P 0
L 10.45100018 63.9817999 11.55100052 63.9817999 1 P 0
L 10.45100018 64.5817987 11.55100052 64.5817987 1 P 0
L 10.45100272 63.0673999 10.45100272 63.6673987 1 P 0
L 10.45100272 63.0673999 11.55100306 63.0673999 1 P 0
L 10.45100272 63.6673987 11.55100306 63.6673987 1 P 0
L 11.55100052 63.9817999 11.55100052 64.5817987 1 P 0
L 11.55100306 63.0673999 11.55100306 63.6673987 1 P 0
L 12.22260192 63.0673999 12.22260192 63.6673987 1 P 0
L 12.22260192 63.0673999 13.32260226 63.0673999 1 P 0
L 12.22260192 63.6673987 13.32260226 63.6673987 1 P 0
L 12.22900018 63.9817999 12.22900018 64.5817987 1 P 0
L 12.22900018 63.9817999 13.32900052 63.9817999 1 P 0
L 12.22900018 64.5817987 13.32900052 64.5817987 1 P 0
L 12.34016328 25.8649978 12.34016328 28.41500032 1 P 0
L 12.34016328 25.8649978 32.66016328 25.8649978 1 P 0
L 12.34016328 28.41500032 32.66016328 28.41500032 1 P 0
L 12.34016328 48.7249978 12.34016328 51.27500032 1 P 0
L 12.34016328 48.7249978 32.66016328 48.7249978 1 P 0
L 12.34016328 51.27500032 32.66016328 51.27500032 1 P 0
L 13.32260226 63.0673999 13.32260226 63.6673987 1 P 0
L 13.32900052 63.9817999 13.32900052 64.5817987 1 P 0
L 14.0900023 65.1929989 14.0900023 69.24300096 1 P 0
L 16.03000096 54.70800082 16.03000096 69.20799976 1 P 0
L 16.03000096 54.70800082 29.6300017 54.70800082 1 P 0
L 16.03000096 69.20799976 29.6300017 69.20799976 1 P 0
L 27.84340126 35.05559918 27.84340126 41.85560082 1 P 0
L 27.84340126 35.05559918 31.29340198 35.05559918 1 P 0
L 27.84340126 41.85560082 31.29340198 41.85560082 1 P 0
L 28.71079856 30.3832006 28.71079856 30.9831994 1 P 0
L 28.71079856 30.3832006 29.8107989 30.3832006 1 P 0
L 28.71079856 30.9831994 29.8107989 30.9831994 1 P 0
L 28.7108011 46.4106006 28.7108011 47.0105994 1 P 0
L 28.7108011 46.4106006 29.81080144 46.4106006 1 P 0
L 28.7108011 47.0105994 29.81080144 47.0105994 1 P 0
L 29.6300017 54.70800082 29.6300017 69.20799976 1 P 0
L 29.8107989 30.3832006 29.8107989 30.9831994 1 P 0
L 29.81080144 46.4106006 29.81080144 47.0105994 1 P 0
L 31.29340198 35.05559918 31.29340198 41.85560082 1 P 0
L 32.25800254 63.81684722 32.25800254 68.77200114 1 P 0
L 32.25800254 63.81684722 38.2580007 63.81684722 1 P 0
L 32.25800254 68.77200114 38.2580007 68.77200114 1 P 0
L 32.66016328 25.8649978 32.66016328 28.41500032 1 P 0
L 32.66016328 48.7249978 32.66016328 51.27500032 1 P 0
L 33.5250028 0 33.5250028 7.69999984 1 P 0
L 33.5250028 0 42.47500268 0 1 P 0
L 33.5250028 7.69999984 42.47500268 7.69999984 1 P 0
L 34.37780272 56.2150006 34.37780272 56.8149994 1 P 0
L 34.37780272 56.2150006 35.47780306 56.2150006 1 P 0
L 34.37780272 56.8149994 35.47780306 56.8149994 1 P 0
L 34.38420352 57.8914006 34.38420352 58.4913994 1 P 0
L 34.38420352 57.8914006 35.48420386 57.8914006 1 P 0
L 34.38420352 58.4913994 35.48420386 58.4913994 1 P 0
L 34.5234006 59.4702011 34.5234006 60.57020144 1 P 0
L 34.5234006 59.4702011 35.1233994 59.4702011 1 P 0
L 34.5234006 60.57020144 35.1233994 60.57020144 1 P 0
L 34.5234006 61.12119856 34.5234006 62.2211989 1 P 0
L 34.5234006 61.12119856 35.1233994 61.12119856 1 P 0
L 34.5234006 62.2211989 35.1233994 62.2211989 1 P 0
L 35.1233994 59.4702011 35.1233994 60.57020144 1 P 0
L 35.1233994 61.12119856 35.1233994 62.2211989 1 P 0
L 35.21200222 54.36479856 35.21200222 55.4647989 1 P 0
L 35.21200222 54.36479856 35.81200102 54.36479856 1 P 0
L 35.21200222 55.4647989 35.81200102 55.4647989 1 P 0
L 35.47780306 56.2150006 35.47780306 56.8149994 1 P 0
L 35.48420386 57.8914006 35.48420386 58.4913994 1 P 0
L 35.81200102 54.36479856 35.81200102 55.4647989 1 P 0
L 36.1744006 8.3908011 36.1744006 9.49080144 1 P 0
L 36.1744006 8.3908011 36.7743994 8.3908011 1 P 0
L 36.1744006 9.49080144 36.7743994 9.49080144 1 P 0
L 36.20660272 12.2222006 36.20660272 12.8221994 1 P 0
L 36.20660272 12.2222006 37.30660052 12.2222006 1 P 0
L 36.20660272 12.8221994 37.30660052 12.8221994 1 P 0
L 36.2800011 61.8030006 36.2800011 62.4029994 1 P 0
L 36.2800011 61.8030006 37.38000144 61.8030006 1 P 0
L 36.2800011 62.4029994 37.38000144 62.4029994 1 P 0
L 36.7743994 8.3908011 36.7743994 9.49080144 1 P 0
L 36.86300222 24.21499856 36.86300222 25.3149989 1 P 0
L 36.86300222 24.21499856 37.46300102 24.21499856 1 P 0
L 36.86300222 25.3149989 37.46300102 25.3149989 1 P 0
L 36.99400018 46.2836006 36.99400018 46.8835994 1 P 0
L 36.99400018 46.2836006 38.09400052 46.2836006 1 P 0
L 36.99400018 46.8835994 38.09400052 46.8835994 1 P 0
L 36.99400272 44.5310006 36.99400272 45.1309994 1 P 0
L 36.99400272 44.5310006 38.09400306 44.5310006 1 P 0
L 36.99400272 45.1309994 38.09400306 45.1309994 1 P 0
L 36.99400272 45.4200006 36.99400272 46.0199994 1 P 0
L 36.99400272 45.4200006 38.09400306 45.4200006 1 P 0
L 36.99400272 46.0199994 38.09400306 46.0199994 1 P 0
L 37.05200362 49.4832005 37.05200362 60.8132007 3 P 0
L 37.05200362 49.4832005 42.85200218 49.4832005 3 P 0
L 37.05200362 60.8132007 42.85200218 60.8132007 3 P 0
L 37.30079916 9.84060008 37.30079916 11.19059992 1 P 0
L 37.30079916 9.84060008 39.00080084 9.84060008 1 P 0
L 37.30079916 11.19059992 39.00080084 11.19059992 1 P 0
L 37.30660052 12.2222006 37.30660052 12.8221994 1 P 0
L 37.38000144 61.8030006 37.38000144 62.4029994 1 P 0
L 37.46300102 24.21499856 37.46300102 25.3149989 1 P 0
L 37.75200222 24.21499856 37.75200222 25.3149989 1 P 0
L 37.75200222 24.21499856 38.35200102 24.21499856 1 P 0
L 37.75200222 25.3149989 38.35200102 25.3149989 1 P 0
L 38.05799856 61.8030006 38.05799856 62.4029994 1 P 0
L 38.05799856 61.8030006 39.1579989 61.8030006 1 P 0
L 38.05799856 62.4029994 39.1579989 62.4029994 1 P 0
L 38.06080272 12.2222006 38.06080272 12.8221994 1 P 0
L 38.06080272 12.2222006 39.16080052 12.2222006 1 P 0
L 38.06080272 12.8221994 39.16080052 12.8221994 1 P 0
L 38.09400052 46.2836006 38.09400052 46.8835994 1 P 0
L 38.09400306 44.5310006 38.09400306 45.1309994 1 P 0
L 38.09400306 45.4200006 38.09400306 46.0199994 1 P 0
L 38.2580007 63.81684722 38.2580007 68.77200114 1 P 0
L 38.35200102 24.21499856 38.35200102 25.3149989 1 P 0
L 38.64100222 24.2150011 38.64100222 25.31500144 1 P 0
L 38.64100222 24.2150011 39.24100102 24.2150011 1 P 0
L 38.64100222 25.31500144 39.24100102 25.31500144 1 P 0
L 39.00080084 9.84060008 39.00080084 11.19059992 1 P 0
L 39.11543612 54.2084006 39.11543612 54.8083994 1 P 0
L 39.11543612 54.2084006 40.21543646 54.2084006 1 P 0
L 39.11543612 54.8083994 40.21543646 54.8083994 1 P 0
L 39.12119938 50.3984006 39.12119938 50.9983994 1 P 0
L 39.12119938 50.3984006 40.22119972 50.3984006 1 P 0
L 39.12119938 50.9983994 40.22119972 50.9983994 1 P 0
L 39.12119938 52.9384006 39.12119938 53.5383994 1 P 0
L 39.12119938 52.9384006 40.22119972 52.9384006 1 P 0
L 39.12119938 53.5383994 40.22119972 53.5383994 1 P 0
L 39.12760018 51.6684006 39.12760018 52.2683994 1 P 0
L 39.12760018 51.6684006 40.22760052 51.6684006 1 P 0
L 39.12760018 52.2683994 40.22760052 52.2683994 1 P 0
L 39.1579989 61.8030006 39.1579989 62.4029994 1 P 0
L 39.16080052 12.2222006 39.16080052 12.8221994 1 P 0
L 39.19000036 36.46000074 39.19000036 41.54004138 4 P 0
L 39.19000036 36.46000074 46.81000036 36.46000074 4 P 0
L 39.19000036 41.54004138 46.80999782 41.5399601 1 P 0
L 39.24100102 24.2150011 39.24100102 25.31500144 1 P 0
L 39.4510006 8.4162011 39.4510006 9.51620144 1 P 0
L 39.4510006 8.4162011 40.0509994 8.4162011 1 P 0
L 39.4510006 9.51620144 40.0509994 9.51620144 1 P 0
L 39.50860018 55.4784006 39.50860018 56.0783994 1 P 0
L 39.50860018 55.4784006 40.60860052 55.4784006 1 P 0
L 39.50860018 56.0783994 40.60860052 56.0783994 1 P 0
L 39.50860018 56.7484006 39.50860018 57.3483994 1 P 0
L 39.50860018 56.7484006 40.60860052 56.7484006 1 P 0
L 39.50860018 57.3483994 40.60860052 57.3483994 1 P 0
L 39.50860018 58.0184006 39.50860018 58.6183994 1 P 0
L 39.50860018 58.0184006 40.60860052 58.0184006 1 P 0
L 39.50860018 58.6183994 40.60860052 58.6183994 1 P 0
L 39.50860018 59.2884006 39.50860018 59.8883994 1 P 0
L 39.50860018 59.2884006 40.60860052 59.2884006 1 P 0
L 39.50860018 59.8883994 40.60860052 59.8883994 1 P 0
L 39.53000222 24.2150011 39.53000222 25.31500144 1 P 0
L 39.53000222 24.2150011 40.13000102 24.2150011 1 P 0
L 39.53000222 25.31500144 40.13000102 25.31500144 1 P 0
L 40.0509994 8.4162011 40.0509994 9.51620144 1 P 0
L 40.13000102 24.2150011 40.13000102 25.31500144 1 P 0
L 40.15820264 64.54000046 40.15820264 67.53999954 2 P 0
L 40.15820264 64.54000046 43.25820152 64.54000046 2 P 0
L 40.15820264 67.53999954 43.25820152 67.53999954 2 P 0
L 40.21543646 54.2084006 40.21543646 54.8083994 1 P 0
L 40.21980018 30.0022006 40.21980018 30.6021994 1 P 0
L 40.21980018 30.0022006 41.31980052 30.0022006 1 P 0
L 40.21980018 30.6021994 41.31980052 30.6021994 1 P 0
L 40.21980018 30.8912006 40.21980018 31.4911994 1 P 0
L 40.21980018 30.8912006 41.31980052 30.8912006 1 P 0
L 40.21980018 31.4911994 41.31980052 31.4911994 1 P 0
L 40.21980272 29.1132006 40.21980272 29.7131994 1 P 0
L 40.21980272 29.1132006 41.31980306 29.1132006 1 P 0
L 40.21980272 29.7131994 41.31980306 29.7131994 1 P 0
L 40.22119972 50.3984006 40.22119972 50.9983994 1 P 0
L 40.22119972 52.9384006 40.22119972 53.5383994 1 P 0
L 40.22760052 51.6684006 40.22760052 52.2683994 1 P 0
L 40.41900222 24.2150011 40.41900222 25.31500144 1 P 0
L 40.41900222 24.2150011 41.01900102 24.2150011 1 P 0
L 40.41900222 25.31500144 41.01900102 25.31500144 1 P 0
L 40.60860052 55.4784006 40.60860052 56.0783994 1 P 0
L 40.60860052 56.7484006 40.60860052 57.3483994 1 P 0
L 40.60860052 58.0184006 40.60860052 58.6183994 1 P 0
L 40.60860052 59.2884006 40.60860052 59.8883994 1 P 0
L 40.6250013 10.32500094 40.6250013 12.07499998 1 P 0
L 40.6250013 10.32500094 41.57500194 10.32500094 1 P 0
L 40.6250013 12.07499998 41.57500194 12.07499998 1 P 0
L 40.80000222 12.65799856 40.80000222 13.7579989 1 P 0
L 40.80000222 12.65799856 41.40000102 12.65799856 1 P 0
L 40.80000222 13.7579989 41.40000102 13.7579989 1 P 0
L 40.90000202 42.76600032 40.90000202 48.16599968 1 P 0
L 40.90000202 42.76600032 46.30000138 42.76600032 1 P 0
L 40.90000202 48.16599968 46.30000138 48.16599968 1 P 0
L 41.01900102 24.2150011 41.01900102 25.31500144 1 P 0
L 41.1020006 16.34099856 41.1020006 17.4409989 1 P 0
L 41.1020006 16.34099856 41.7019994 16.34099856 1 P 0
L 41.1020006 17.4409989 41.7019994 17.4409989 1 P 0
L 41.2600013 23.89000048 41.2600013 25.63999952 1 P 0
L 41.2600013 23.89000048 42.21000194 23.89000048 1 P 0
L 41.2600013 25.63999952 42.21000194 25.63999952 1 P 0
L 41.31980052 30.0022006 41.31980052 30.6021994 1 P 0
L 41.31980052 30.8912006 41.31980052 31.4911994 1 P 0
L 41.31980306 29.1132006 41.31980306 29.7131994 1 P 0
L 41.40000102 12.65799856 41.40000102 13.7579989 1 P 0
L 41.57500194 10.32500094 41.57500194 12.07499998 1 P 0
L 41.7019994 16.34099856 41.7019994 17.4409989 1 P 0
L 42.10500088 10.86900036 42.10500088 13.76899964 1 P 0
L 42.10500088 10.86900036 43.90500236 10.86900036 1 P 0
L 42.10500088 13.76899964 43.90500236 13.76899964 1 P 0
L 42.17560018 8.2344006 42.17560018 8.8343994 1 P 0
L 42.17560018 8.2344006 43.27560052 8.2344006 1 P 0
L 42.17560018 8.8343994 43.27560052 8.8343994 1 P 0
L 42.17560018 9.1234006 42.17560018 9.7233994 1 P 0
L 42.17560018 9.1234006 43.27560052 9.1234006 1 P 0
L 42.17560018 9.7233994 43.27560052 9.7233994 1 P 0
L 42.19700222 22.0560011 42.19700222 23.15600144 1 P 0
L 42.19700222 22.0560011 42.79700102 22.0560011 1 P 0
L 42.19700222 23.15600144 42.79700102 23.15600144 1 P 0
L 42.21000194 23.89000048 42.21000194 25.63999952 1 P 0
L 42.47500268 0 42.47500268 7.69999984 1 P 0
L 42.50180222 24.11339856 42.50180222 25.2133989 1 P 0
L 42.50180222 24.11339856 43.10180102 24.11339856 1 P 0
L 42.50180222 25.2133989 43.10180102 25.2133989 1 P 0
L 42.61820026 16.78720036 42.61820026 19.68719964 1 P 0
L 42.61820026 16.78720036 45.41819974 16.78720036 1 P 0
L 42.61820026 19.68719964 45.41819974 19.68719964 1 P 0
L 42.79700102 22.0560011 42.79700102 23.15600144 1 P 0
L 42.85200218 49.4832005 42.85200218 60.8132007 3 P 0
L 42.9388016 29.17519946 42.9388016 31.17520054 0 P 0
L 42.9388016 29.17519946 44.18880164 29.17519946 0 P 0
L 42.9388016 30.5251993 43.58880284 31.17520054 0 P 0
L 42.9388016 31.17520054 44.18880164 31.17520054 0 P 0
L 43.10180102 24.11339856 43.10180102 25.2133989 1 P 0
L 43.25820152 64.54000046 43.25820152 67.53999954 2 P 0
L 43.27560052 8.2344006 43.27560052 8.8343994 1 P 0
L 43.27560052 9.1234006 43.27560052 9.7233994 1 P 0
L 43.41620222 24.11339856 43.41620222 25.2133989 1 P 0
L 43.41620222 24.11339856 44.01620102 24.11339856 1 P 0
L 43.41620222 25.2133989 44.01620102 25.2133989 1 P 0
L 43.8452006 51.82479856 43.8452006 52.9247989 1 P 0
L 43.8452006 51.82479856 44.4451994 51.82479856 1 P 0
L 43.8452006 52.9247989 44.4451994 52.9247989 1 P 0
L 43.90500236 10.86900036 43.90500236 13.76899964 1 P 0
L 44.01620102 24.11339856 44.01620102 25.2133989 1 P 0
L 44.08179906 67.22359936 44.08179906 67.85360064 1 P 0
L 44.08179906 67.22359936 44.41180094 67.22359936 1 P 0
L 44.08179906 67.85360064 44.41180094 67.85360064 1 P 0
L 44.08460068 66.00439936 44.08460068 66.63440064 1 P 0
L 44.08460068 66.00439936 44.41460256 66.00439936 1 P 0
L 44.08460068 66.63440064 44.41460256 66.63440064 1 P 0
L 44.18880164 29.17519946 44.18880164 31.17520054 0 P 0
L 44.33179856 15.85000132 44.33179856 16.45000012 1 P 0
L 44.33179856 15.85000132 45.4317989 15.85000132 1 P 0
L 44.33179856 16.45000012 45.4317989 16.45000012 1 P 0
L 44.41180094 67.22359936 44.41180094 67.85360064 1 P 0
L 44.41460256 66.00439936 44.41460256 66.63440064 1 P 0
L 44.4451994 51.82479856 44.4451994 52.9247989 1 P 0
L 44.7382011 14.8130006 44.7382011 15.4129994 1 P 0
L 44.7382011 14.8130006 45.83820144 14.8130006 1 P 0
L 44.7382011 15.4129994 45.83820144 15.4129994 1 P 0
L 44.7900044 55.3899959 44.7900044 69.68999524 1 P 0
L 44.7900044 55.3899959 55.19000392 55.3899959 1 P 0
L 44.7900044 69.68999524 55.19000392 69.68999524 1 P 0
L 44.86519856 53.4718006 44.86519856 54.0717994 1 P 0
L 44.86519856 53.4718006 45.9651989 53.4718006 1 P 0
L 44.86519856 54.0717994 45.9651989 54.0717994 1 P 0
L 44.86800018 54.3100006 44.86800018 54.9099994 1 P 0
L 44.86800018 54.3100006 45.96800052 54.3100006 1 P 0
L 44.86800018 54.9099994 45.96800052 54.9099994 1 P 0
L 45.04699906 12.40719896 45.04699906 13.90720104 0 P 0
L 45.04699906 12.40719896 46.64700094 12.40719896 0 P 0
L 45.04699906 13.90720104 46.64700094 13.90720104 0 P 0
L 45.05060078 34.90719968 45.05060078 35.85719778 1 P 0
L 45.05060078 34.90719968 46.75060246 34.90719968 1 P 0
L 45.05060078 35.85719778 46.75060246 35.85719778 1 P 0
L 45.41819974 16.78720036 45.41819974 19.68719964 1 P 0
L 45.4317989 15.85000132 45.4317989 16.45000012 1 P 0
L 45.52300014 0.63399924 45.52300014 7.63400048 5 P 0
L 45.52300014 0.63399924 53.4480008 0.63399924 5 P 0
L 45.52300014 7.63400048 53.4480008 7.63400048 5 P 0
L 45.6232006 10.1434011 45.6232006 11.24340144 1 P 0
L 45.6232006 10.1434011 46.2231994 10.1434011 1 P 0
L 45.6232006 11.24340144 46.2231994 11.24340144 1 P 0
L 45.68080018 28.8592006 45.68080018 29.4591994 1 P 0
L 45.68080018 28.8592006 46.78080052 28.8592006 1 P 0
L 45.68080018 29.4591994 46.78080052 29.4591994 1 P 0
L 45.68080018 29.7482006 45.68080018 30.3481994 1 P 0
L 45.68080018 29.7482006 46.78080052 29.7482006 1 P 0
L 45.68080018 30.3481994 46.78080052 30.3481994 1 P 0
L 45.68080272 30.6372006 45.68080272 31.2371994 1 P 0
L 45.68080272 30.6372006 46.78080306 30.6372006 1 P 0
L 45.68080272 31.2371994 46.78080306 31.2371994 1 P 0
L 45.83820144 14.8130006 45.83820144 15.4129994 1 P 0
L 45.9651989 53.4718006 45.9651989 54.0717994 1 P 0
L 45.96800052 54.3100006 45.96800052 54.9099994 1 P 0
L 46.2231994 10.1434011 46.2231994 11.24340144 1 P 0
L 46.30000138 42.76600032 46.30000138 48.16599968 1 P 0
L 46.45543414 16.35756952 46.45543414 16.95756832 1 P 0
L 46.45543414 16.35756952 47.55543448 16.35756952 1 P 0
L 46.45543414 16.95756832 47.55543448 16.95756832 1 P 0
L 46.45643744 15.45439886 46.45643744 16.05439766 1 P 0
L 46.45643744 15.45439886 47.55643778 15.45439886 1 P 0
L 46.45643744 16.05439766 47.55643778 16.05439766 1 P 0
L 46.46539856 17.2514006 46.46539856 17.8513994 1 P 0
L 46.46539856 17.2514006 47.5653989 17.2514006 1 P 0
L 46.46539856 17.8513994 47.5653989 17.8513994 1 P 0
L 46.47019916 18.62580222 46.47019916 19.57580032 1 P 0
L 46.47019916 18.62580222 48.17020084 18.62580222 1 P 0
L 46.47019916 19.57580032 48.17020084 19.57580032 1 P 0
L 46.64700094 12.40719896 46.64700094 13.90720104 0 P 0
L 46.75060246 34.90719968 46.75060246 35.85719778 1 P 0
L 46.78080052 28.8592006 46.78080052 29.4591994 1 P 0
L 46.78080052 29.7482006 46.78080052 30.3481994 1 P 0
L 46.78080306 30.6372006 46.78080306 31.2371994 1 P 0
L 46.81000036 36.46000074 46.81000036 41.5399601 4 P 0
L 46.95080272 53.4718006 46.95080272 54.0717994 1 P 0
L 46.95080272 53.4718006 48.05080306 53.4718006 1 P 0
L 46.95080272 54.0717994 48.05080306 54.0717994 1 P 0
L 46.95080272 54.3100006 46.95080272 54.9099994 1 P 0
L 46.95080272 54.3100006 48.05080306 54.3100006 1 P 0
L 46.95080272 54.9099994 48.05080306 54.9099994 1 P 0
L 47.06900162 8.89 47.06900162 11.43 4 P 0
L 47.06900162 11.43 52.14900162 11.43 4 P 0
L 47.19600162 8.89 52.14900162 8.89 4 P 0
L 47.20080222 50.6564011 47.20080222 51.7563989 1 P 0
L 47.20080222 50.6564011 47.80080102 50.6564011 1 P 0
L 47.20080222 51.7563989 47.80080102 51.7563989 1 P 0
L 47.55543448 16.35756952 47.55543448 16.95756832 1 P 0
L 47.55643778 15.45439886 47.55643778 16.05439766 1 P 0
L 47.5653989 17.2514006 47.5653989 17.8513994 1 P 0
L 47.73820272 52.3034006 47.73820272 52.9033994 1 P 0
L 47.73820272 52.3034006 48.83820306 52.3034006 1 P 0
L 47.73820272 52.9033994 48.83820306 52.9033994 1 P 0
L 47.80080102 50.6564011 47.80080102 51.7563989 1 P 0
L 48.04499916 11.84399968 48.04499916 12.79399778 1 P 0
L 48.04499916 11.84399968 49.74500084 11.84399968 1 P 0
L 48.04499916 12.79399778 49.74500084 12.79399778 1 P 0
L 48.05080306 53.4718006 48.05080306 54.0717994 1 P 0
L 48.05080306 54.3100006 48.05080306 54.9099994 1 P 0
L 48.1450015 35.59999992 48.1450015 41.39999848 3 P 0
L 48.1450015 35.59999992 51.8550017 35.59999992 3 P 0
L 48.1450015 41.39999848 51.8550017 41.39999848 3 P 0
L 48.17020084 18.62580222 48.17020084 19.57580032 1 P 0
L 48.17400322 14.20899876 48.17400322 14.83900004 0 P 0
L 48.17400322 14.20899876 48.50400256 14.20899876 0 P 0
L 48.17400322 14.83900004 48.50400256 14.83900004 0 P 0
L 48.24220222 47.22739856 48.24220222 48.3273989 1 P 0
L 48.24220222 47.22739856 48.84220102 47.22739856 1 P 0
L 48.24220222 48.3273989 48.84220102 48.3273989 1 P 0
L 48.33540244 50.38099906 48.33540244 51.9809984 1 P 0
L 48.33540244 50.38099906 51.63540346 50.38099906 1 P 0
L 48.33540244 51.9809984 51.63540346 51.9809984 1 P 0
L 48.50400256 14.20899876 48.50400256 14.83900004 0 P 0
L 48.76900076 15.8859855 48.76900076 18.92805206 1 P 0
L 48.76900076 15.8859855 51.81403404 15.8859855 1 P 0
L 48.76900076 18.92805206 51.81403404 18.92805206 1 P 0
L 48.83820306 52.3034006 48.83820306 52.9033994 1 P 0
L 48.84220102 47.22739856 48.84220102 48.3273989 1 P 0
L 48.92800222 13.92799856 48.92800222 15.0279989 1 P 0
L 48.92800222 13.92799856 49.52800102 13.92799856 1 P 0
L 48.92800222 15.0279989 49.52800102 15.0279989 1 P 0
L 48.98280018 43.6674006 48.98280018 44.2673994 1 P 0
L 48.98280018 43.6674006 50.08280052 43.6674006 1 P 0
L 48.98280018 44.2673994 50.08280052 44.2673994 1 P 0
L 48.98280018 45.4200006 48.98280018 46.0199994 1 P 0
L 48.98280018 45.4200006 50.08280052 45.4200006 1 P 0
L 48.98280018 46.0199994 50.08280052 46.0199994 1 P 0
L 48.98280272 44.5310006 48.98280272 45.1309994 1 P 0
L 48.98280272 44.5310006 50.08280306 44.5310006 1 P 0
L 48.98280272 45.1309994 50.08280306 45.1309994 1 P 0
L 49.13120222 47.22739856 49.13120222 48.3273989 1 P 0
L 49.13120222 47.22739856 49.73120102 47.22739856 1 P 0
L 49.13120222 48.3273989 49.73120102 48.3273989 1 P 0
L 49.2808006 52.4598011 49.2808006 53.55980144 1 P 0
L 49.2808006 52.4598011 49.8807994 52.4598011 1 P 0
L 49.2808006 53.55980144 49.8807994 53.55980144 1 P 0
L 49.52800102 13.92799856 49.52800102 15.0279989 1 P 0
L 49.73120102 47.22739856 49.73120102 48.3273989 1 P 0
L 49.74500084 11.84399968 49.74500084 12.79399778 1 P 0
L 49.81700222 19.6430011 49.81700222 20.74300144 1 P 0
L 49.81700222 19.6430011 50.41700102 19.6430011 1 P 0
L 49.81700222 20.74300144 50.41700102 20.74300144 1 P 0
L 49.8807994 52.4598011 49.8807994 53.55980144 1 P 0
L 50.046001 47.2274011 50.046001 48.32740144 1 P 0
L 50.046001 47.2274011 50.6459998 47.2274011 1 P 0
L 50.046001 48.32740144 50.6459998 48.32740144 1 P 0
L 50.08280052 43.6674006 50.08280052 44.2673994 1 P 0
L 50.08280052 45.4200006 50.08280052 46.0199994 1 P 0
L 50.08280306 44.5310006 50.08280306 45.1309994 1 P 0
L 50.0936006 52.4598011 50.0936006 53.55980144 1 P 0
L 50.0936006 52.4598011 50.6935994 52.4598011 1 P 0
L 50.0936006 53.55980144 50.6935994 53.55980144 1 P 0
L 50.1500013 13.37399916 50.1500013 15.07400084 1 P 0
L 50.1500013 13.37399916 51.0999994 13.37399916 1 P 0
L 50.1500013 15.07400084 51.0999994 15.07400084 1 P 0
L 50.33140048 11.84399968 50.33140048 12.79400032 1 P 0
L 50.33140048 11.84399968 52.08139952 11.84399968 1 P 0
L 50.33140048 12.79400032 52.08139952 12.79400032 1 P 0
L 50.41700102 19.6430011 50.41700102 20.74300144 1 P 0
L 50.6459998 47.2274011 50.6459998 48.32740144 1 P 0
L 50.6935994 52.4598011 50.6935994 53.55980144 1 P 0
L 50.70600222 19.6430011 50.70600222 20.74300144 1 P 0
L 50.70600222 19.6430011 51.30600102 19.6430011 1 P 0
L 50.70600222 20.74300144 51.30600102 20.74300144 1 P 0
L 50.90900156 47.2274011 50.90900156 48.32740144 1 P 0
L 50.90900156 47.2274011 51.50900036 47.2274011 1 P 0
L 50.90900156 48.32740144 51.50900036 48.32740144 1 P 0
L 51.0999994 13.37399916 51.0999994 15.07400084 1 P 0
L 51.13539938 52.3034006 51.13539938 52.9033994 1 P 0
L 51.13539938 52.3034006 52.23539972 52.3034006 1 P 0
L 51.13539938 52.9033994 52.23539972 52.9033994 1 P 0
L 51.30600102 19.6430011 51.30600102 20.74300144 1 P 0
L 51.50900036 47.2274011 51.50900036 48.32740144 1 P 0
L 51.54420222 43.79280294 51.54420222 44.89280328 1 P 0
L 51.54420222 43.79280294 52.14420102 43.79280294 1 P 0
L 51.54420222 44.89280328 52.14420102 44.89280328 1 P 0
L 51.59900272 14.6860006 51.59900272 15.2859994 1 P 0
L 51.59900272 14.6860006 52.69900306 14.6860006 1 P 0
L 51.59900272 15.2859994 52.69900306 15.2859994 1 P 0
L 51.63540346 50.38099906 51.63540346 51.9809984 1 P 0
L 51.81403404 15.8859855 51.81403404 18.92805206 1 P 0
L 51.8550017 35.59999992 51.8550017 41.39999848 3 P 0
L 52.08139952 11.84399968 52.08139952 12.79400032 1 P 0
L 52.14420102 43.79280294 52.14420102 44.89280328 1 P 0
L 52.14900162 8.89 52.14900162 11.43 4 P 0
L 52.15380222 50.6818011 52.15380222 51.7817989 1 P 0
L 52.15380222 50.6818011 52.75380102 50.6818011 1 P 0
L 52.15380222 51.7817989 52.75380102 51.7817989 1 P 0
L 52.23539972 52.3034006 52.23539972 52.9033994 1 P 0
L 52.4090011 13.7970006 52.4090011 14.3969994 1 P 0
L 52.4090011 13.7970006 53.5089989 13.7970006 1 P 0
L 52.4090011 14.3969994 53.5089989 14.3969994 1 P 0
L 52.4304006 16.16319856 52.4304006 17.2631989 1 P 0
L 52.4304006 16.16319856 53.0303994 16.16319856 1 P 0
L 52.4304006 17.2631989 53.0303994 17.2631989 1 P 0
L 52.45860222 43.79280294 52.45860222 44.89280328 1 P 0
L 52.45860222 43.79280294 53.05860102 43.79280294 1 P 0
L 52.45860222 44.89280328 53.05860102 44.89280328 1 P 0
L 52.53880018 12.9080006 52.53880018 13.5079994 1 P 0
L 52.53880018 12.9080006 53.63880052 12.9080006 1 P 0
L 52.53880018 13.5079994 53.63880052 13.5079994 1 P 0
L 52.53880272 12.0190006 52.53880272 12.6189994 1 P 0
L 52.53880272 12.0190006 53.63880306 12.0190006 1 P 0
L 52.53880272 12.6189994 53.63880306 12.6189994 1 P 0
L 52.69900306 14.6860006 52.69900306 15.2859994 1 P 0
L 52.75380102 50.6818011 52.75380102 51.7817989 1 P 0
L 52.7860006 17.83959856 52.7860006 18.9395989 1 P 0
L 52.7860006 17.83959856 53.3859994 17.83959856 1 P 0
L 52.7860006 18.9395989 53.3859994 18.9395989 1 P 0
L 53.0303994 16.16319856 53.0303994 17.2631989 1 P 0
L 53.05860102 43.79280294 53.05860102 44.89280328 1 P 0
L 53.19000284 36.46000074 53.19000284 41.54004138 4 P 0
L 53.19000284 36.46000074 60.81000284 36.46000074 4 P 0
L 53.19000284 41.54004138 60.8100003 41.5399601 1 P 0
L 53.22940078 34.93260222 53.22940078 35.88260032 1 P 0
L 53.22940078 34.93260222 54.92940246 34.93260222 1 P 0
L 53.22940078 35.88260032 54.92940246 35.88260032 1 P 0
L 53.34760222 43.7928004 53.34760222 44.89280074 1 P 0
L 53.34760222 43.7928004 53.94760102 43.7928004 1 P 0
L 53.34760222 44.89280074 53.94760102 44.89280074 1 P 0
L 53.38579874 46.65219016 53.38579874 47.25218896 1 P 0
L 53.38579874 46.65219016 54.48579908 46.65219016 1 P 0
L 53.38579874 47.25218896 54.48579908 47.25218896 1 P 0
L 53.38580128 45.78859016 53.38580128 46.38858896 1 P 0
L 53.38580128 45.78859016 54.48580162 45.78859016 1 P 0
L 53.38580128 46.38858896 54.48580162 46.38858896 1 P 0
L 53.38580128 47.54119016 53.38580128 48.14118896 1 P 0
L 53.38580128 47.54119016 54.48580162 47.54119016 1 P 0
L 53.38580128 48.14118896 54.48580162 48.14118896 1 P 0
L 53.3859994 17.83959856 53.3859994 18.9395989 1 P 0
L 53.4480008 0.63399924 53.4480008 7.63400048 5 P 0
L 53.5089989 13.7970006 53.5089989 14.3969994 1 P 0
L 53.63880052 12.9080006 53.63880052 13.5079994 1 P 0
L 53.63880306 12.0190006 53.63880306 12.6189994 1 P 0
L 53.94760102 43.7928004 53.94760102 44.89280074 1 P 0
L 53.98894968 25.79154354 53.98894968 26.39154234 1 P 0
L 53.98894968 25.79154354 55.08895002 25.79154354 1 P 0
L 53.98894968 26.39154234 55.08895002 26.39154234 1 P 0
L 54.23660222 43.7928004 54.23660222 44.89280074 1 P 0
L 54.23660222 43.7928004 54.83660102 43.7928004 1 P 0
L 54.23660222 44.89280074 54.83660102 44.89280074 1 P 0
L 54.48579908 46.65219016 54.48579908 47.25218896 1 P 0
L 54.48580162 45.78859016 54.48580162 46.38858896 1 P 0
L 54.48580162 47.54119016 54.48580162 48.14118896 1 P 0
L 54.49000532 55.3899959 55.19000392 56.13999694 1 P 0
L 54.63895092 25.14179884 54.63895092 26.24179918 1 P 0
L 54.63895092 25.14179884 55.23894972 25.14179884 1 P 0
L 54.63895092 26.24179918 55.23894972 26.24179918 1 P 0
L 54.83660102 43.7928004 54.83660102 44.89280074 1 P 0
L 54.89700222 16.46799856 54.89700222 17.5679989 1 P 0
L 54.89700222 16.46799856 55.49700102 16.46799856 1 P 0
L 54.89700222 17.5679989 55.49700102 17.5679989 1 P 0
L 54.92940246 34.93260222 54.92940246 35.88260032 1 P 0
L 55.08895002 25.79154354 55.08895002 26.39154234 1 P 0
L 55.19000392 55.3899959 55.19000392 69.68999524 1 P 0
L 55.23894972 25.14179884 55.23894972 26.24179918 1 P 0
L 55.4276006 18.42379856 55.4276006 19.5237989 1 P 0
L 55.4276006 18.42379856 56.0275994 18.42379856 1 P 0
L 55.4276006 19.5237989 56.0275994 19.5237989 1 P 0
L 55.43040222 20.0240011 55.43040222 21.12400144 1 P 0
L 55.43040222 20.0240011 56.03040102 20.0240011 1 P 0
L 55.43040222 21.12400144 56.03040102 21.12400144 1 P 0
L 55.49700102 16.46799856 55.49700102 17.5679989 1 P 0
L 55.50255092 25.14179884 55.50255092 26.24179918 1 P 0
L 55.50255092 25.14179884 56.10254972 25.14179884 1 P 0
L 55.50255092 26.24179918 56.10254972 26.24179918 1 P 0
L 55.59080068 66.00439936 55.59080068 66.63440064 1 P 0
L 55.59080068 66.00439936 55.92080256 66.00439936 1 P 0
L 55.59080068 66.63440064 55.92080256 66.63440064 1 P 0
L 55.59080068 67.12199936 55.59080068 67.75200064 1 P 0
L 55.59080068 67.12199936 55.92080256 67.12199936 1 P 0
L 55.59080068 67.75200064 55.92080256 67.75200064 1 P 0
L 55.65255062 25.79180008 55.65255062 26.39179888 1 P 0
L 55.65255062 25.79180008 56.75255096 25.79180008 1 P 0
L 55.65255062 26.39179888 56.75255096 26.39179888 1 P 0
L 55.92080256 66.00439936 55.92080256 66.63440064 1 P 0
L 55.92080256 67.12199936 55.92080256 67.75200064 1 P 0
L 56.0275994 18.42379856 56.0275994 19.5237989 1 P 0
L 56.03040102 20.0240011 56.03040102 21.12400144 1 P 0
L 56.10254972 25.14179884 56.10254972 26.24179918 1 P 0
L 56.49720222 15.0964011 56.49720222 16.19640144 1 P 0
L 56.49720222 15.0964011 57.09720102 15.0964011 1 P 0
L 56.49720222 16.19640144 57.09720102 16.19640144 1 P 0
L 56.75255096 25.79180008 56.75255096 26.39179888 1 P 0
L 56.79660218 64.54000046 56.79660218 67.53999954 2 P 0
L 56.79660218 64.54000046 59.89660106 64.54000046 2 P 0
L 56.79660218 67.53999954 59.89660106 67.53999954 2 P 0
L 56.90259892 17.63419892 56.90259892 21.63420108 0 P 0
L 56.90259892 17.63419892 60.90260108 17.63419892 0 P 0
L 56.90259892 21.63420108 60.90260108 21.63420108 0 P 0
L 57.09720102 15.0964011 57.09720102 16.19640144 1 P 0
L 57.14840234 49.48299984 57.14840234 60.81300004 3 P 0
L 57.14840234 49.48299984 62.9484009 49.48299984 3 P 0
L 57.14840234 60.81300004 62.9484009 60.81300004 3 P 0
L 57.2999997 42.76600032 57.2999997 48.16599968 1 P 0
L 57.2999997 42.76600032 62.69999906 42.76600032 1 P 0
L 57.2999997 48.16599968 62.69999906 48.16599968 1 P 0
L 57.38620222 15.0964011 57.38620222 16.19640144 1 P 0
L 57.38620222 15.0964011 57.98620102 15.0964011 1 P 0
L 57.38620222 16.19640144 57.98620102 16.19640144 1 P 0
L 57.52500052 0 57.52500052 7.69999984 1 P 0
L 57.52500052 0 66.4750004 0 1 P 0
L 57.52500052 7.69999984 66.4750004 7.69999984 1 P 0
L 57.56400222 25.89139856 57.56400222 26.9913989 1 P 0
L 57.56400222 25.89139856 58.16400102 25.89139856 1 P 0
L 57.56400222 26.9913989 58.16400102 26.9913989 1 P 0
L 57.98620102 15.0964011 57.98620102 16.19640144 1 P 0
L 58.16400102 25.89139856 58.16400102 26.9913989 1 P 0
L 58.3740006 15.09639856 58.3740006 16.1963989 1 P 0
L 58.3740006 15.09639856 58.9739994 15.09639856 1 P 0
L 58.3740006 16.1963989 58.9739994 16.1963989 1 P 0
L 58.8940021 26.60139968 58.8940021 27.55140032 1 P 0
L 58.8940021 26.60139968 60.64400114 26.60139968 1 P 0
L 58.8940021 27.55140032 60.64400114 27.55140032 1 P 0
L 58.96500018 24.8714006 58.96500018 25.4713994 1 P 0
L 58.96500018 24.8714006 60.06500052 24.8714006 1 P 0
L 58.96500018 25.4713994 60.06500052 25.4713994 1 P 0
L 58.96500018 25.7604006 58.96500018 26.3603994 1 P 0
L 58.96500018 25.7604006 60.06500052 25.7604006 1 P 0
L 58.96500018 26.3603994 60.06500052 26.3603994 1 P 0
L 58.9739994 15.09639856 58.9739994 16.1963989 1 P 0
L 59.01299856 31.7040006 59.01299856 32.3039994 1 P 0
L 59.01299856 31.7040006 60.1129989 31.7040006 1 P 0
L 59.01299856 32.3039994 60.1129989 32.3039994 1 P 0
L 59.01299856 32.5930006 59.01299856 33.1929994 1 P 0
L 59.01299856 32.5930006 60.1129989 32.5930006 1 P 0
L 59.01299856 33.1929994 60.1129989 33.1929994 1 P 0
L 59.2376006 15.0964011 59.2376006 16.19640144 1 P 0
L 59.2376006 15.0964011 59.8375994 15.0964011 1 P 0
L 59.2376006 16.19640144 59.8375994 16.19640144 1 P 0
L 59.42220272 27.7924006 59.42220272 28.3923994 1 P 0
L 59.42220272 27.7924006 60.52220306 27.7924006 1 P 0
L 59.42220272 28.3923994 60.52220306 28.3923994 1 P 0
L 59.42220272 28.6814006 59.42220272 29.2813994 1 P 0
L 59.42220272 28.6814006 60.52220306 28.6814006 1 P 0
L 59.42220272 29.2813994 60.52220306 29.2813994 1 P 0
L 59.42220272 29.5196006 59.42220272 30.1195994 1 P 0
L 59.42220272 29.5196006 60.52220306 29.5196006 1 P 0
L 59.42220272 30.1195994 60.52220306 30.1195994 1 P 0
L 59.70160018 58.0184006 59.70160018 58.6183994 1 P 0
L 59.70160018 58.0184006 60.80160052 58.0184006 1 P 0
L 59.70160018 58.6183994 60.80160052 58.6183994 1 P 0
L 59.70160018 59.2884006 59.70160018 59.8883994 1 P 0
L 59.70160018 59.2884006 60.80160052 59.2884006 1 P 0
L 59.70160018 59.8883994 60.80160052 59.8883994 1 P 0
L 59.72700018 52.93800182 59.72700018 53.53800062 1 P 0
L 59.72700018 52.93800182 60.82700052 52.93800182 1 P 0
L 59.72700018 53.53800062 60.82700052 53.53800062 1 P 0
L 59.72700018 56.7484006 59.72700018 57.3483994 1 P 0
L 59.72700018 56.7484006 60.82700052 56.7484006 1 P 0
L 59.72700018 57.3483994 60.82700052 57.3483994 1 P 0
L 59.72700272 51.6684006 59.72700272 52.2683994 1 P 0
L 59.72700272 51.6684006 60.82700306 51.6684006 1 P 0
L 59.72700272 52.2683994 60.82700306 52.2683994 1 P 0
L 59.72700272 54.20800182 59.72700272 54.80800062 1 P 0
L 59.72700272 54.20800182 60.82700306 54.20800182 1 P 0
L 59.72700272 54.80800062 60.82700306 54.80800062 1 P 0
L 59.72700272 55.4784006 59.72700272 56.0783994 1 P 0
L 59.72700272 55.4784006 60.82700306 55.4784006 1 P 0
L 59.72700272 56.0783994 60.82700306 56.0783994 1 P 0
L 59.75240272 50.3984006 59.75240272 50.9983994 1 P 0
L 59.75240272 50.3984006 60.85240306 50.3984006 1 P 0
L 59.75240272 50.9983994 60.85240306 50.9983994 1 P 0
L 59.8375994 15.0964011 59.8375994 16.19640144 1 P 0
L 59.89660106 64.54000046 59.89660106 67.53999954 2 P 0
L 60.06500052 24.8714006 60.06500052 25.4713994 1 P 0
L 60.06500052 25.7604006 60.06500052 26.3603994 1 P 0
L 60.1012006 9.0448003 60.1012006 10.14480064 1 P 0
L 60.1012006 9.0448003 60.7011994 9.0448003 1 P 0
L 60.1012006 10.14480064 60.7011994 10.14480064 1 P 0
L 60.1129989 31.7040006 60.1129989 32.3039994 1 P 0
L 60.1129989 32.5930006 60.1129989 33.1929994 1 P 0
L 60.1774006 15.09639856 60.1774006 16.1963989 1 P 0
L 60.1774006 15.09639856 60.7773994 15.09639856 1 P 0
L 60.1774006 16.1963989 60.7773994 16.1963989 1 P 0
L 60.28180222 22.9450011 60.28180222 24.04500144 1 P 0
L 60.28180222 22.9450011 60.88180102 22.9450011 1 P 0
L 60.28180222 24.04500144 60.88180102 24.04500144 1 P 0
L 60.40259954 21.63420108 60.90260108 21.13419954 0 P 0
L 60.52220306 27.7924006 60.52220306 28.3923994 1 P 0
L 60.52220306 28.6814006 60.52220306 29.2813994 1 P 0
L 60.52220306 29.5196006 60.52220306 30.1195994 1 P 0
L 60.64400114 26.60139968 60.64400114 27.55140032 1 P 0
L 60.7011994 9.0448003 60.7011994 10.14480064 1 P 0
L 60.7773994 15.09639856 60.7773994 16.1963989 1 P 0
L 60.80160052 58.0184006 60.80160052 58.6183994 1 P 0
L 60.80160052 59.2884006 60.80160052 59.8883994 1 P 0
L 60.81000284 36.46000074 60.81000284 41.5399601 4 P 0
L 60.82700052 52.93800182 60.82700052 53.53800062 1 P 0
L 60.82700052 56.7484006 60.82700052 57.3483994 1 P 0
L 60.82700306 51.6684006 60.82700306 52.2683994 1 P 0
L 60.82700306 54.20800182 60.82700306 54.80800062 1 P 0
L 60.82700306 55.4784006 60.82700306 56.0783994 1 P 0
L 60.85240306 50.3984006 60.85240306 50.9983994 1 P 0
L 60.87499636 12.4508006 60.87499636 13.0507994 1 P 0
L 60.87499636 12.4508006 61.9749967 12.4508006 1 P 0
L 60.87499636 13.0507994 61.9749967 13.0507994 1 P 0
L 60.88180102 22.9450011 60.88180102 24.04500144 1 P 0
L 60.90260108 17.63419892 60.90260108 21.63420108 0 P 0
L 61.1172006 15.57899856 61.1172006 16.6789989 1 P 0
L 61.1172006 15.57899856 61.7171994 15.57899856 1 P 0
L 61.1172006 16.6789989 61.7171994 16.6789989 1 P 0
L 61.19620222 22.9450011 61.19620222 24.04500144 1 P 0
L 61.19620222 22.9450011 61.79620102 22.9450011 1 P 0
L 61.19620222 24.04500144 61.79620102 24.04500144 1 P 0
L 61.37999916 10.01840008 61.37999916 11.36839992 1 P 0
L 61.37999916 10.01840008 63.08000084 10.01840008 1 P 0
L 61.37999916 11.36839992 63.08000084 11.36839992 1 P 0
L 61.52039766 61.7522006 61.52039766 62.3521994 1 P 0
L 61.52039766 61.7522006 62.620398 61.7522006 1 P 0
L 61.52039766 62.3521994 62.620398 62.3521994 1 P 0
L 61.7171994 15.57899856 61.7171994 16.6789989 1 P 0
L 61.79620102 22.9450011 61.79620102 24.04500144 1 P 0
L 61.9749967 12.4508006 61.9749967 13.0507994 1 P 0
L 62.21819916 19.85419956 62.21819916 21.95420044 1 P 0
L 62.21819916 19.85419956 63.91820084 19.85419956 1 P 0
L 62.21819916 21.95420044 63.91820084 21.95420044 1 P 0
L 62.52459936 22.21239906 62.52459936 22.54240094 1 P 0
L 62.52459936 22.21239906 63.15460064 22.21239906 1 P 0
L 62.52459936 22.54240094 63.15460064 22.54240094 1 P 0
L 62.5388005 12.4508006 62.5388005 13.0507994 1 P 0
L 62.5388005 12.4508006 63.63880084 12.4508006 1 P 0
L 62.5388005 13.0507994 63.63880084 13.0507994 1 P 0
L 62.620398 61.7522006 62.620398 62.3521994 1 P 0
L 62.69999906 42.76600032 62.69999906 48.16599968 1 P 0
L 62.9484009 49.48299984 62.9484009 60.81300004 3 P 0
L 63.08000084 10.01840008 63.08000084 11.36839992 1 P 0
L 63.15460064 22.21239906 63.15460064 22.54240094 1 P 0
L 63.4540006 8.4416011 63.4540006 9.54160144 1 P 0
L 63.4540006 8.4416011 64.0539994 8.4416011 1 P 0
L 63.4540006 9.54160144 64.0539994 9.54160144 1 P 0
L 63.63880084 12.4508006 63.63880084 13.0507994 1 P 0
L 63.72700234 16.39728242 63.72700234 17.49728276 1 P 0
L 63.72700234 16.39728242 64.32700114 16.39728242 1 P 0
L 63.72700234 17.49728276 64.32700114 17.49728276 1 P 0
L 63.91820084 19.85419956 63.91820084 21.95420044 1 P 0
L 64.0539994 8.4416011 64.0539994 9.54160144 1 P 0
L 64.27479906 20.18279936 64.27479906 20.81280064 1 P 0
L 64.27479906 20.18279936 64.60480094 20.18279936 1 P 0
L 64.27479906 20.81280064 64.60480094 20.81280064 1 P 0
L 64.32700114 16.39728242 64.32700114 17.49728276 1 P 0
L 64.60480094 20.18279936 64.60480094 20.81280064 1 P 0
L 64.61600234 16.39728242 64.61600234 17.49728276 1 P 0
L 64.61600234 16.39728242 65.21600114 16.39728242 1 P 0
L 64.61600234 17.49728276 65.21600114 17.49728276 1 P 0
L 64.72679968 10.32500094 64.72679968 12.07499998 1 P 0
L 64.72679968 10.32500094 65.67680032 10.32500094 1 P 0
L 64.72679968 12.07499998 65.67680032 12.07499998 1 P 0
L 64.92100046 34.69500046 64.92100046 37.69499954 0 P 0
L 64.92100046 34.69500046 67.92099954 34.69500046 0 P 0
L 64.92100046 37.04500084 65.57099916 37.69499954 0 P 0
L 64.92100046 37.69499954 67.92099954 37.69499954 0 P 0
L 64.92100046 38.37800046 64.92100046 41.37799954 0 P 0
L 64.92100046 38.37800046 67.92099954 38.37800046 0 P 0
L 64.92100046 40.72800084 65.57099916 41.37799954 0 P 0
L 64.92100046 41.37799954 67.92099954 41.37799954 0 P 0
L 65.18400222 43.44279856 65.18400222 44.5427989 1 P 0
L 65.18400222 43.44279856 65.78400102 43.44279856 1 P 0
L 65.18400222 44.5427989 65.78400102 44.5427989 1 P 0
L 65.18400476 42.64280016 65.18400476 43.7428005 1 P 0
L 65.18400476 42.64280016 65.78400356 42.64280016 1 P 0
L 65.18400476 43.7428005 65.78400356 43.7428005 1 P 0
L 65.21600114 16.39728242 65.21600114 17.49728276 1 P 0
L 65.35280046 45.12333114 65.35280046 45.72332994 1 P 0
L 65.35280046 45.12333114 66.4528008 45.12333114 1 P 0
L 65.35280046 45.72332994 66.4528008 45.72332994 1 P 0
L 65.35280046 46.03773114 65.35280046 46.63772994 1 P 0
L 65.35280046 46.03773114 66.4528008 46.03773114 1 P 0
L 65.35280046 46.63772994 66.4528008 46.63772994 1 P 0
L 65.3630011 62.7000016 65.3630011 63.3000004 1 P 0
L 65.3630011 62.7000016 66.46300144 62.7000016 1 P 0
L 65.3630011 63.3000004 66.46300144 63.3000004 1 P 0
L 65.51307954 63.59999472 65.51307954 64.1999859 1 P 0
L 65.51307954 63.59999472 66.31308048 63.59999472 1 P 0
L 65.51307954 64.1999859 66.31308048 64.1999859 1 P 0
L 65.59099912 64.69400066 65.59099912 67.89399934 3 P 0
L 65.59099912 64.69400066 69.79100088 64.69400066 3 P 0
L 65.59099912 67.89399934 69.79100088 67.89399934 3 P 0
L 65.67680032 10.32500094 65.67680032 12.07499998 1 P 0
L 65.78400102 43.44279856 65.78400102 44.5427989 1 P 0
L 65.78400356 42.64280016 65.78400356 43.7428005 1 P 0
L 66.1661999 8.22646818 66.1661999 8.82646698 1 P 0
L 66.1661999 8.22646818 67.26620024 8.22646818 1 P 0
L 66.1661999 8.82646698 67.26620024 8.82646698 1 P 0
L 66.1661999 9.11546818 66.1661999 9.71546698 1 P 0
L 66.1661999 9.11546818 67.26620024 9.11546818 1 P 0
L 66.1661999 9.71546698 67.26620024 9.71546698 1 P 0
L 66.1718006 11.51499856 66.1718006 12.6149989 1 P 0
L 66.1718006 11.51499856 66.7717994 11.51499856 1 P 0
L 66.1718006 12.6149989 66.7717994 12.6149989 1 P 0
L 66.31308048 63.59999472 66.31308048 64.1999859 1 P 0
L 66.4528008 45.12333114 66.4528008 45.72332994 1 P 0
L 66.4528008 46.03773114 66.4528008 46.63772994 1 P 0
L 66.46300144 62.7000016 66.46300144 63.3000004 1 P 0
L 66.4750004 0 66.4750004 7.69999984 1 P 0
L 66.75553324 42.8594012 66.75553324 43.4594 1 P 0
L 66.75553324 42.8594012 67.85553358 42.8594012 1 P 0
L 66.75553324 43.4594 67.85553358 43.4594 1 P 0
L 66.75553324 43.7484012 66.75553324 44.3484 1 P 0
L 66.75553324 43.7484012 67.85553358 43.7484012 1 P 0
L 66.75553324 44.3484 67.85553358 44.3484 1 P 0
L 66.7717994 11.51499856 66.7717994 12.6149989 1 P 0
L 67.08900222 18.2714011 67.08900222 19.37140144 1 P 0
L 67.08900222 18.2714011 67.68900102 18.2714011 1 P 0
L 67.08900222 19.37140144 67.68900102 19.37140144 1 P 0
L 67.26620024 8.22646818 67.26620024 8.82646698 1 P 0
L 67.26620024 9.11546818 67.26620024 9.71546698 1 P 0
L 67.33983738 25.8649978 67.33983738 28.41500032 1 P 0
L 67.33983738 25.8649978 87.65983738 25.8649978 1 P 0
L 67.33983738 28.41500032 87.65983738 28.41500032 1 P 0
L 67.33983738 48.7249978 67.33983738 51.27500032 1 P 0
L 67.33983738 48.7249978 87.65983738 48.7249978 1 P 0
L 67.33983738 51.27500032 87.65983738 51.27500032 1 P 0
L 67.57160222 20.08760016 67.57160222 22.78759984 1 P 0
L 67.57160222 20.08760016 70.9716005 20.08760016 1 P 0
L 67.57160222 22.78759984 70.9716005 22.78759984 1 P 0
L 67.68900102 18.2714011 67.68900102 19.37140144 1 P 0
L 67.80699926 6.17000036 67.80699926 9.06999964 1 P 0
L 67.80699926 6.17000036 69.60700074 6.17000036 1 P 0
L 67.80699926 9.06999964 69.60700074 9.06999964 1 P 0
L 67.85553358 42.8594012 67.85553358 43.4594 1 P 0
L 67.85553358 43.7484012 67.85553358 44.3484 1 P 0
L 67.92099954 34.69500046 67.92099954 37.69499954 0 P 0
L 67.92099954 38.37800046 67.92099954 41.37799954 0 P 0
L 67.97800222 18.27139856 67.97800222 19.3713989 1 P 0
L 67.97800222 18.27139856 68.57800102 18.27139856 1 P 0
L 67.97800222 19.3713989 68.57800102 19.3713989 1 P 0
L 68.23600272 12.5270006 68.23600272 13.1269994 1 P 0
L 68.23600272 12.5270006 69.33600052 12.5270006 1 P 0
L 68.23600272 13.1269994 69.33600052 13.1269994 1 P 0
L 68.57800102 18.27139856 68.57800102 19.3713989 1 P 0
L 68.6881151 14.05880094 68.6881151 17.05880002 0 P 0
L 68.6881151 14.05880094 71.68811418 14.05880094 0 P 0
L 68.6881151 17.05880002 71.68811418 17.05880002 0 P 0
L 68.86700222 18.27139856 68.86700222 19.3713989 1 P 0
L 68.86700222 18.27139856 69.46700102 18.27139856 1 P 0
L 68.86700222 19.3713989 69.46700102 19.3713989 1 P 0
L 69.33600052 12.5270006 69.33600052 13.1269994 1 P 0
L 69.37500222 10.91300078 69.37500222 12.01299858 1 P 0
L 69.37500222 10.91300078 69.97500102 10.91300078 1 P 0
L 69.37500222 12.01299858 69.97500102 12.01299858 1 P 0
L 69.46700102 18.27139856 69.46700102 19.3713989 1 P 0
L 69.60700074 6.17000036 69.60700074 9.06999964 1 P 0
L 69.79100088 64.69400066 69.79100088 67.89399934 3 P 0
L 69.97500102 10.91300078 69.97500102 12.01299858 1 P 0
L 70.12120088 18.04199846 70.12120088 19.041999 1 P 0
L 70.12120088 18.04199846 71.92120236 18.04199846 1 P 0
L 70.12120088 19.041999 71.92120236 19.041999 1 P 0
L 70.18899856 30.2054006 70.18899856 30.8053994 1 P 0
L 70.18899856 30.2054006 71.2889989 30.2054006 1 P 0
L 70.18899856 30.8053994 71.2889989 30.8053994 1 P 0
L 70.2144011 46.2582006 70.2144011 46.8581994 1 P 0
L 70.2144011 46.2582006 71.31440144 46.2582006 1 P 0
L 70.2144011 46.8581994 71.31440144 46.8581994 1 P 0
L 70.37200048 10.48200088 70.37200048 12.63199912 1 P 0
L 70.37200048 10.48200088 71.77200276 10.48200088 1 P 0
L 70.37200048 12.63199912 71.77200276 12.63199912 1 P 0
L 70.9716005 20.08760016 70.9716005 22.78759984 1 P 0
L 71.0499976 35.1330006 71.0499976 35.7329994 1 P 0
L 71.0499976 35.1330006 72.14999794 35.1330006 1 P 0
L 71.0499976 35.7329994 72.14999794 35.7329994 1 P 0
L 71.0499976 36.4030006 71.0499976 37.0029994 1 P 0
L 71.0499976 36.4030006 72.14999794 36.4030006 1 P 0
L 71.0499976 37.0029994 72.14999794 37.0029994 1 P 0
L 71.0499976 37.5460006 71.0499976 38.1459994 1 P 0
L 71.0499976 37.5460006 72.14999794 37.5460006 1 P 0
L 71.0499976 38.1459994 72.14999794 38.1459994 1 P 0
L 71.0499976 38.8160006 71.0499976 39.4159994 1 P 0
L 71.0499976 38.8160006 72.14999794 38.8160006 1 P 0
L 71.0499976 39.4159994 72.14999794 39.4159994 1 P 0
L 71.0499976 40.0860006 71.0499976 40.6859994 1 P 0
L 71.0499976 40.0860006 72.14999794 40.0860006 1 P 0
L 71.0499976 40.6859994 72.14999794 40.6859994 1 P 0
L 71.0499976 41.3560006 71.0499976 41.9559994 1 P 0
L 71.0499976 41.3560006 72.14999794 41.3560006 1 P 0
L 71.0499976 41.9559994 72.14999794 41.9559994 1 P 0
L 71.18811518 17.05880002 71.68811418 16.55880102 0 P 0
L 71.2889989 30.2054006 71.2889989 30.8053994 1 P 0
L 71.31440144 46.2582006 71.31440144 46.8581994 1 P 0
L 71.68811418 14.05880094 71.68811418 17.05880002 0 P 0
L 71.77200276 10.48200088 71.77200276 12.63199912 1 P 0
L 71.92120236 18.04199846 71.92120236 19.041999 1 P 0
L 72.14999794 35.1330006 72.14999794 35.7329994 1 P 0
L 72.14999794 36.4030006 72.14999794 37.0029994 1 P 0
L 72.14999794 37.5460006 72.14999794 38.1459994 1 P 0
L 72.14999794 38.8160006 72.14999794 39.4159994 1 P 0
L 72.14999794 40.0860006 72.14999794 40.6859994 1 P 0
L 72.14999794 41.3560006 72.14999794 41.9559994 1 P 0
L 72.20008166 0.4531614 72.20008166 9.45291988 1 P 0
L 72.20008166 0.4531614 75.7998357 0.4531614 1 P 0
L 72.20008166 9.45291988 75.7998357 9.45291988 1 P 0
L 72.95799988 62.7000016 72.95799988 63.3000004 1 P 0
L 72.95799988 62.7000016 74.05800022 62.7000016 1 P 0
L 72.95799988 63.3000004 74.05800022 63.3000004 1 P 0
L 73.08399912 64.69400066 73.08399912 67.89399934 3 P 0
L 73.08399912 64.69400066 77.28400088 64.69400066 3 P 0
L 73.08399912 67.89399934 77.28400088 67.89399934 3 P 0
L 73.13307954 63.59999472 73.13307954 64.1999859 1 P 0
L 73.13307954 63.59999472 73.93308048 63.59999472 1 P 0
L 73.13307954 64.1999859 73.93308048 64.1999859 1 P 0
L 73.14820016 13.15900086 73.14820016 16.55899914 1 P 0
L 73.14820016 13.15900086 75.84819984 13.15900086 1 P 0
L 73.14820016 16.55899914 75.84819984 16.55899914 1 P 0
L 73.59499886 19.09260088 73.59499886 21.24259912 1 P 0
L 73.59499886 19.09260088 74.99500114 19.09260088 1 P 0
L 73.59499886 21.24259912 74.99500114 21.24259912 1 P 0
L 73.69999992 34.9830009 73.69999992 35.8829991 1 P 0
L 73.69999992 34.9830009 75.4000016 34.9830009 1 P 0
L 73.69999992 35.8829991 75.4000016 35.8829991 1 P 0
L 73.69999992 36.2530009 73.69999992 37.1529991 1 P 0
L 73.69999992 36.2530009 75.4000016 36.2530009 1 P 0
L 73.69999992 37.1529991 75.4000016 37.1529991 1 P 0
L 73.69999992 37.3960009 73.69999992 38.2959991 1 P 0
L 73.69999992 37.3960009 75.4000016 37.3960009 1 P 0
L 73.69999992 38.2959991 75.4000016 38.2959991 1 P 0
L 73.69999992 38.6660009 73.69999992 39.5659991 1 P 0
L 73.69999992 38.6660009 75.4000016 38.6660009 1 P 0
L 73.69999992 39.5659991 75.4000016 39.5659991 1 P 0
L 73.69999992 39.9360009 73.69999992 40.8359991 1 P 0
L 73.69999992 39.9360009 75.4000016 39.9360009 1 P 0
L 73.69999992 40.8359991 75.4000016 40.8359991 1 P 0
L 73.69999992 41.2060009 73.69999992 42.1059991 1 P 0
L 73.69999992 41.2060009 75.4000016 41.2060009 1 P 0
L 73.69999992 42.1059991 75.4000016 42.1059991 1 P 0
L 73.82500094 34.9830009 73.82500094 35.8829991 1 P 0
L 73.82500094 36.2530009 73.82500094 37.1529991 1 P 0
L 73.82500094 37.3960009 73.82500094 38.2959991 1 P 0
L 73.82500094 38.6660009 73.82500094 39.5659991 1 P 0
L 73.82500094 39.9360009 73.82500094 40.8359991 1 P 0
L 73.82500094 41.2060009 73.82500094 42.1059991 1 P 0
L 73.93308048 63.59999472 73.93308048 64.1999859 1 P 0
L 74.05800022 62.7000016 74.05800022 63.3000004 1 P 0
L 74.99500114 19.09260088 74.99500114 21.24259912 1 P 0
L 75.4000016 34.9830009 75.4000016 35.8829991 1 P 0
L 75.4000016 36.2530009 75.4000016 37.1529991 1 P 0
L 75.4000016 37.3960009 75.4000016 38.2959991 1 P 0
L 75.4000016 38.6660009 75.4000016 39.5659991 1 P 0
L 75.4000016 39.9360009 75.4000016 40.8359991 1 P 0
L 75.4000016 41.2060009 75.4000016 42.1059991 1 P 0
L 75.47459886 19.09260088 75.47459886 21.24259912 1 P 0
L 75.47459886 19.09260088 76.87460114 19.09260088 1 P 0
L 75.47459886 21.24259912 76.87460114 21.24259912 1 P 0
L 75.7998357 0.4531614 75.7998357 9.45291988 1 P 0
L 75.84819984 13.15900086 75.84819984 16.55899914 1 P 0
L 76.87460114 19.09260088 76.87460114 21.24259912 1 P 0
L 77.1740011 46.1312006 77.1740011 46.7311994 1 P 0
L 77.1740011 46.1312006 78.27400144 46.1312006 1 P 0
L 77.1740011 46.7311994 78.27400144 46.7311994 1 P 0
L 77.28400088 64.69400066 77.28400088 67.89399934 3 P 0
L 77.6820011 57.7390006 77.6820011 58.3389994 1 P 0
L 77.6820011 57.7390006 78.78200144 57.7390006 1 P 0
L 77.6820011 58.3389994 78.78200144 58.3389994 1 P 0
L 77.6820011 58.7550006 77.6820011 59.3549994 1 P 0
L 77.6820011 58.7550006 78.78200144 58.7550006 1 P 0
L 77.6820011 59.3549994 78.78200144 59.3549994 1 P 0
L 77.6820011 59.6440006 77.6820011 60.2439994 1 P 0
L 77.6820011 59.6440006 78.78200144 59.6440006 1 P 0
L 77.6820011 60.2439994 78.78200144 60.2439994 1 P 0
L 77.8090011 61.1680006 77.8090011 61.7679994 1 P 0
L 77.8090011 61.1680006 78.90900144 61.1680006 1 P 0
L 77.8090011 61.7679994 78.90900144 61.7679994 1 P 0
L 77.86500048 12.26000088 77.86500048 14.40999912 1 P 0
L 77.86500048 12.26000088 79.26500276 12.26000088 1 P 0
L 77.86500048 14.40999912 79.26500276 14.40999912 1 P 0
L 78.09000384 20.46100048 78.09000384 22.21099952 1 P 0
L 78.09000384 20.46100048 79.04000194 20.46100048 1 P 0
L 78.09000384 22.21099952 79.04000194 22.21099952 1 P 0
L 78.27400144 46.1312006 78.27400144 46.7311994 1 P 0
L 78.33500208 15.51800046 78.33500208 18.51799954 0 P 0
L 78.33500208 15.51800046 81.33500116 15.51800046 0 P 0
L 78.33500208 18.51799954 81.33500116 18.51799954 0 P 0
L 78.34479886 8.62780088 78.34479886 10.77779912 1 P 0
L 78.34479886 8.62780088 79.74480114 8.62780088 1 P 0
L 78.34479886 10.77779912 79.74480114 10.77779912 1 P 0
L 78.47499926 3.60460036 78.47499926 6.50459964 1 P 0
L 78.47499926 3.60460036 80.27500074 3.60460036 1 P 0
L 78.47499926 6.50459964 80.27500074 6.50459964 1 P 0
L 78.78200144 57.7390006 78.78200144 58.3389994 1 P 0
L 78.78200144 58.7550006 78.78200144 59.3549994 1 P 0
L 78.78200144 59.6440006 78.78200144 60.2439994 1 P 0
L 78.90900144 61.1680006 78.90900144 61.7679994 1 P 0
L 79.04000194 20.46100048 79.04000194 22.21099952 1 P 0
L 79.26500276 12.26000088 79.26500276 14.40999912 1 P 0
L 79.26900072 34.2129999 79.26900072 43.0030001 3 P 0
L 79.26900072 34.2129999 85.06899928 34.2129999 3 P 0
L 79.26900072 43.0030001 85.06899928 43.0030001 3 P 0
L 79.74480114 8.62780088 79.74480114 10.77779912 1 P 0
L 79.7648011 19.3850006 79.7648011 19.9849994 1 P 0
L 79.7648011 19.3850006 80.86480144 19.3850006 1 P 0
L 79.7648011 19.9849994 80.86480144 19.9849994 1 P 0
L 79.79300272 20.2740006 79.79300272 20.8739994 1 P 0
L 79.79300272 20.2740006 80.89300306 20.2740006 1 P 0
L 79.79300272 20.8739994 80.89300306 20.8739994 1 P 0
L 80.04700272 13.9240006 80.04700272 14.5239994 1 P 0
L 80.04700272 13.9240006 81.14700306 13.9240006 1 P 0
L 80.04700272 14.5239994 81.14700306 14.5239994 1 P 0
L 80.1030021 12.47899968 80.1030021 13.42899778 1 P 0
L 80.1030021 12.47899968 81.85300114 12.47899968 1 P 0
L 80.1030021 13.42899778 81.85300114 13.42899778 1 P 0
L 80.2220011 56.9770006 80.2220011 57.5769994 1 P 0
L 80.2220011 56.9770006 81.32200144 56.9770006 1 P 0
L 80.2220011 57.5769994 81.32200144 57.5769994 1 P 0
L 80.2220011 57.8660006 80.2220011 58.4659994 1 P 0
L 80.2220011 57.8660006 81.32200144 57.8660006 1 P 0
L 80.2220011 58.4659994 81.32200144 58.4659994 1 P 0
L 80.2220011 58.7550006 80.2220011 59.3549994 1 P 0
L 80.2220011 58.7550006 81.32200144 58.7550006 1 P 0
L 80.2220011 59.3549994 81.32200144 59.3549994 1 P 0
L 80.2220011 59.6440006 80.2220011 60.2439994 1 P 0
L 80.2220011 59.6440006 81.32200144 59.6440006 1 P 0
L 80.2220011 60.2439994 81.32200144 60.2439994 1 P 0
L 80.27500074 3.60460036 80.27500074 6.50459964 1 P 0
L 80.2990012 61.1950008 80.2990012 61.9949992 0 P 0
L 80.2990012 61.1950008 81.4989988 61.1950008 0 P 0
L 80.2990012 61.71000104 80.58399936 61.9949992 0 P 0
L 80.2990012 61.9949992 81.4989988 61.9949992 0 P 0
L 80.45099988 62.7000016 80.45099988 63.3000004 1 P 0
L 80.45099988 62.7000016 81.55100022 62.7000016 1 P 0
L 80.45099988 63.3000004 81.55100022 63.3000004 1 P 0
L 80.57699912 64.69400066 80.57699912 67.89399934 3 P 0
L 80.57699912 64.69400066 84.77700088 64.69400066 3 P 0
L 80.57699912 67.89399934 84.77700088 67.89399934 3 P 0
L 80.62607954 63.59999472 80.62607954 64.1999859 1 P 0
L 80.62607954 63.59999472 81.42608048 63.59999472 1 P 0
L 80.62607954 64.1999859 81.42608048 64.1999859 1 P 0
L 80.86480144 19.3850006 80.86480144 19.9849994 1 P 0
L 80.89300306 20.2740006 80.89300306 20.8739994 1 P 0
L 81.14700306 13.9240006 81.14700306 14.5239994 1 P 0
L 81.32200144 56.9770006 81.32200144 57.5769994 1 P 0
L 81.32200144 57.8660006 81.32200144 58.4659994 1 P 0
L 81.32200144 58.7550006 81.32200144 59.3549994 1 P 0
L 81.32200144 59.6440006 81.32200144 60.2439994 1 P 0
L 81.33500116 15.51800046 81.33500116 18.51799954 0 P 0
L 81.42608048 63.59999472 81.42608048 64.1999859 1 P 0
L 81.4989988 61.1950008 81.4989988 61.9949992 0 P 0
L 81.55100022 62.7000016 81.55100022 63.3000004 1 P 0
L 81.57100272 19.3850006 81.57100272 19.9849994 1 P 0
L 81.57100272 19.3850006 82.67100306 19.3850006 1 P 0
L 81.57100272 19.9849994 82.67100306 19.9849994 1 P 0
L 81.57100272 20.2740006 81.57100272 20.8739994 1 P 0
L 81.57100272 20.2740006 82.67100306 20.2740006 1 P 0
L 81.57100272 20.8739994 82.67100306 20.8739994 1 P 0
L 81.83900066 2.77679912 81.83900066 6.97680088 3 P 0
L 81.83900066 2.77679912 85.03899934 2.77679912 3 P 0
L 81.83900066 6.97680088 85.03899934 6.97680088 3 P 0
L 81.85300114 12.47899968 81.85300114 13.42899778 1 P 0
L 81.87299856 35.1330006 81.87299856 35.7329994 1 P 0
L 81.87299856 35.1330006 82.9729989 35.1330006 1 P 0
L 81.87299856 35.7329994 82.9729989 35.7329994 1 P 0
L 81.87299856 36.4030006 81.87299856 37.0029994 1 P 0
L 81.87299856 36.4030006 82.9729989 36.4030006 1 P 0
L 81.87299856 37.0029994 82.9729989 37.0029994 1 P 0
L 81.87299856 37.6730006 81.87299856 38.2729994 1 P 0
L 81.87299856 37.6730006 82.9729989 37.6730006 1 P 0
L 81.87299856 38.2729994 82.9729989 38.2729994 1 P 0
L 81.87299856 38.9430006 81.87299856 39.5429994 1 P 0
L 81.87299856 38.9430006 82.9729989 38.9430006 1 P 0
L 81.87299856 39.5429994 82.9729989 39.5429994 1 P 0
L 81.87299856 40.2130006 81.87299856 40.8129994 1 P 0
L 81.87299856 40.2130006 82.9729989 40.2130006 1 P 0
L 81.87299856 40.8129994 82.9729989 40.8129994 1 P 0
L 81.87299856 41.4830006 81.87299856 42.0829994 1 P 0
L 81.87299856 41.4830006 82.9729989 41.4830006 1 P 0
L 81.87299856 42.0829994 82.9729989 42.0829994 1 P 0
L 81.95200272 13.9240006 81.95200272 14.5239994 1 P 0
L 81.95200272 13.9240006 83.05200306 13.9240006 1 P 0
L 81.95200272 14.5239994 83.05200306 14.5239994 1 P 0
L 82.67100306 19.3850006 82.67100306 19.9849994 1 P 0
L 82.67100306 20.2740006 82.67100306 20.8739994 1 P 0
L 82.9729989 35.1330006 82.9729989 35.7329994 1 P 0
L 82.9729989 36.4030006 82.9729989 37.0029994 1 P 0
L 82.9729989 37.6730006 82.9729989 38.2729994 1 P 0
L 82.9729989 38.9430006 82.9729989 39.5429994 1 P 0
L 82.9729989 40.2130006 82.9729989 40.8129994 1 P 0
L 82.9729989 41.4830006 82.9729989 42.0829994 1 P 0
L 83.05200306 13.9240006 83.05200306 14.5239994 1 P 0
L 83.84400046 58.19000046 83.84400046 61.18999954 0 P 0
L 83.84400046 58.19000046 86.84399954 58.19000046 0 P 0
L 83.84400046 60.54000084 84.49399916 61.18999954 0 P 0
L 83.84400046 61.18999954 86.84399954 61.18999954 0 P 0
L 84.77700088 64.69400066 84.77700088 67.89399934 3 P 0
L 85.03899934 2.77679912 85.03899934 6.97680088 3 P 0
L 85.06899928 34.2129999 85.06899928 43.0030001 3 P 0
L 85.61239926 15.18700036 85.61239926 18.08699964 1 P 0
L 85.61239926 15.18700036 87.41240074 15.18700036 1 P 0
L 85.61239926 18.08699964 87.41240074 18.08699964 1 P 0
L 86.57080222 64.77879856 86.57080222 65.8787989 1 P 0
L 86.57080222 64.77879856 87.17080102 64.77879856 1 P 0
L 86.57080222 65.8787989 87.17080102 65.8787989 1 P 0
L 86.84399954 58.19000046 86.84399954 61.18999954 0 P 0
L 87.17080102 64.77879856 87.17080102 65.8787989 1 P 0
L 87.3086011 7.4216006 87.3086011 8.0215994 1 P 0
L 87.3086011 7.4216006 88.40860144 7.4216006 1 P 0
L 87.3086011 8.0215994 88.40860144 8.0215994 1 P 0
L 87.35939856 5.5166006 87.35939856 6.1165994 1 P 0
L 87.35939856 5.5166006 88.4593989 5.5166006 1 P 0
L 87.35939856 6.1165994 88.4593989 6.1165994 1 P 0
L 87.39240078 6.4818006 87.39240078 7.0817994 1 P 0
L 87.39240078 6.4818006 88.49239858 6.4818006 1 P 0
L 87.39240078 7.0817994 88.49239858 7.0817994 1 P 0
L 87.41240074 15.18700036 87.41240074 18.08699964 1 P 0
L 87.48407954 4.55139552 87.48407954 5.1513867 1 P 0
L 87.48407954 4.55139552 88.28408048 4.55139552 1 P 0
L 87.48407954 5.1513867 88.28408048 5.1513867 1 P 0
L 87.64780032 64.2055993 87.64780032 65.86560106 1 P 0
L 87.64780032 64.2055993 89.30780208 64.2055993 1 P 0
L 87.64780032 65.86560106 89.30780208 65.86560106 1 P 0
L 87.65983738 25.8649978 87.65983738 28.41500032 1 P 0
L 87.65983738 48.7249978 87.65983738 51.27500032 1 P 0
L 87.89560018 62.7174006 87.89560018 63.3173994 1 P 0
L 87.89560018 62.7174006 88.99560052 62.7174006 1 P 0
L 87.89560018 63.3173994 88.99560052 63.3173994 1 P 0
L 87.92100018 66.7306006 87.92100018 67.3305994 1 P 0
L 87.92100018 66.7306006 89.02100052 66.7306006 1 P 0
L 87.92100018 67.3305994 89.02100052 67.3305994 1 P 0
L 88.28408048 4.55139552 88.28408048 5.1513867 1 P 0
L 88.35479916 1.3534009 88.35479916 2.2533991 1 P 0
L 88.35479916 1.3534009 90.05480084 1.3534009 1 P 0
L 88.35479916 2.2533991 90.05480084 2.2533991 1 P 0
L 88.40860144 7.4216006 88.40860144 8.0215994 1 P 0
L 88.4593989 5.5166006 88.4593989 6.1165994 1 P 0
L 88.49239858 6.4818006 88.49239858 7.0817994 1 P 0
L 88.62939856 2.69999968 88.62939856 3.29999848 1 P 0
L 88.62939856 2.69999968 89.7293989 2.69999968 1 P 0
L 88.62939856 3.29999848 89.7293989 3.29999848 1 P 0
L 88.99560052 62.7174006 88.99560052 63.3173994 1 P 0
L 89.02100052 66.7306006 89.02100052 67.3305994 1 P 0
L 89.30780208 64.2055993 89.30780208 65.86560106 1 P 0
L 89.7293989 2.69999968 89.7293989 3.29999848 1 P 0
L 89.92979982 1.3534009 89.92979982 2.2533991 1 P 0
L 90.05480084 1.3534009 90.05480084 2.2533991 1 P 0
L 90.1280011 67.2640006 90.1280011 67.8639994 1 P 0
L 90.1280011 67.2640006 91.22800144 67.2640006 1 P 0
L 90.1280011 67.8639994 91.22800144 67.8639994 1 P 0
L 90.39800056 63.8229991 90.39800056 66.02299978 0 P 0
L 90.39800056 63.8229991 92.39800164 63.8229991 0 P 0
L 90.39800056 66.02299978 92.39800164 66.02299978 0 P 0
L 91.22800144 67.2640006 91.22800144 67.8639994 1 P 0
L 91.7980003 67.2640006 91.7980003 67.8639994 1 P 0
L 91.7980003 67.2640006 92.89800064 67.2640006 1 P 0
L 91.7980003 67.8639994 92.89800064 67.8639994 1 P 0
L 91.99999888 10.59999912 91.99999888 61.39999912 3 P 0
L 91.99999888 10.59999912 96.99999904 10.59999912 3 P 0
L 91.99999888 61.39999912 96.99999904 61.39999912 3 P 0
L 92.39800164 63.8229991 92.39800164 66.02299978 0 P 0
L 92.89800064 67.2640006 92.89800064 67.8639994 1 P 0
L 96.99999904 10.59999912 96.99999904 61.39999912 3 P 0
L 209.12589874 3.26132698 209.12589874 5.67432698 3 P 0
L 209.12589874 3.26132698 232.49389874 3.26132698 3 P 0
L 209.12589874 5.67432698 232.49389874 5.67432698 3 P 0
L 215.81700042 4.15042604 216.10741386 4.15042604 5 P 0 ;0,1=0,2=0.000000
L 215.96220714 4.55700638 215.72987588 3.94713714 5 P 0 ;0,1=0,2=0.000000
L 216.1945384 3.94713714 215.96220714 4.55700638 5 P 0 ;0,1=0,2=0.000000
L 216.33683936 4.26659294 216.36588172 4.20850822 5 P 0 ;0,1=0,2=0.000000
L 216.36588172 3.9761795 216.33683936 4.03426168 5 P 0 ;0,1=0,2=0.000000
L 216.36588172 4.20850822 216.4239639 4.1794684 5 P 0 ;0,1=0,2=0.000000
L 216.36588172 4.32467512 216.33683936 4.26659294 5 P 0 ;0,1=0,2=0.000000
L 216.4239639 4.1794684 216.56917062 4.15042604 5 P 0 ;0,1=0,2=0.000000
L 216.45300372 3.94713714 216.36588172 3.9761795 5 P 0 ;0,1=0,2=0.000000
L 216.45300372 4.35371494 216.36588172 4.32467512 5 P 0 ;0,1=0,2=0.000000
L 216.54012826 3.94713714 216.45300372 3.94713714 5 P 0 ;0,1=0,2=0.000000
L 216.54012826 4.35371494 216.45300372 4.35371494 5 P 0 ;0,1=0,2=0.000000
L 216.56917062 4.15042604 216.6272528 4.12138622 5 P 0 ;0,1=0,2=0.000000
L 216.6272528 3.9761795 216.54012826 3.94713714 5 P 0 ;0,1=0,2=0.000000
L 216.6272528 4.12138622 216.65629516 4.0633015 5 P 0 ;0,1=0,2=0.000000
L 216.6272528 4.32467512 216.54012826 4.35371494 5 P 0 ;0,1=0,2=0.000000
L 216.65629516 4.03426168 216.6272528 3.9761795 5 P 0 ;0,1=0,2=0.000000
L 216.65629516 4.0633015 216.65629516 4.03426168 5 P 0 ;0,1=0,2=0.000000
L 216.65629516 4.26659294 216.6272528 4.32467512 5 P 0 ;0,1=0,2=0.000000
L 216.78407494 4.26659294 216.8131173 4.20850822 5 P 0 ;0,1=0,2=0.000000
L 216.8131173 3.9761795 216.78407494 4.03426168 5 P 0 ;0,1=0,2=0.000000
L 216.8131173 4.20850822 216.87119948 4.1794684 5 P 0 ;0,1=0,2=0.000000
L 216.8131173 4.32467512 216.78407494 4.26659294 5 P 0 ;0,1=0,2=0.000000
L 216.87119948 4.1794684 217.0164062 4.15042604 5 P 0 ;0,1=0,2=0.000000
L 216.9002393 3.94713714 216.8131173 3.9761795 5 P 0 ;0,1=0,2=0.000000
L 216.9002393 4.35371494 216.8131173 4.32467512 5 P 0 ;0,1=0,2=0.000000
L 216.98736384 3.94713714 216.9002393 3.94713714 5 P 0 ;0,1=0,2=0.000000
L 216.98736384 4.35371494 216.9002393 4.35371494 5 P 0 ;0,1=0,2=0.000000
L 217.0164062 4.15042604 217.07448838 4.12138622 5 P 0 ;0,1=0,2=0.000000
L 217.07448838 3.9761795 216.98736384 3.94713714 5 P 0 ;0,1=0,2=0.000000
L 217.07448838 4.12138622 217.10353074 4.0633015 5 P 0 ;0,1=0,2=0.000000
L 217.07448838 4.32467512 216.98736384 4.35371494 5 P 0 ;0,1=0,2=0.000000
L 217.10353074 4.03426168 217.07448838 3.9761795 5 P 0 ;0,1=0,2=0.000000
L 217.10353074 4.0633015 217.10353074 4.03426168 5 P 0 ;0,1=0,2=0.000000
L 217.10353074 4.26659294 217.07448838 4.32467512 5 P 0 ;0,1=0,2=0.000000
L 217.23131052 4.12138622 217.26035288 4.03426168 5 P 0 ;0,1=0,2=0.000000
L 217.23131052 4.1794684 217.23131052 4.12138622 5 P 0 ;0,1=0,2=0.000000
L 217.23131052 4.1794684 217.57980614 4.1794684 5 P 0 ;0,1=0,2=0.000000
L 217.26035288 4.03426168 217.31843506 3.9761795 5 P 0 ;0,1=0,2=0.000000
L 217.26035288 4.26659294 217.23131052 4.1794684 5 P 0 ;0,1=0,2=0.000000
L 217.31843506 3.9761795 217.37651724 3.94713714 5 P 0 ;0,1=0,2=0.000000
L 217.31843506 4.32467512 217.26035288 4.26659294 5 P 0 ;0,1=0,2=0.000000
L 217.37651724 3.94713714 217.46364178 3.94713714 5 P 0 ;0,1=0,2=0.000000
L 217.37651724 4.35371494 217.31843506 4.32467512 5 P 0 ;0,1=0,2=0.000000
L 217.46364178 3.94713714 217.52172396 3.9761795 5 P 0 ;0,1=0,2=0.000000
L 217.46364178 4.35371494 217.37651724 4.35371494 5 P 0 ;0,1=0,2=0.000000
L 217.52172396 3.9761795 217.57980614 4.03426168 5 P 0 ;0,1=0,2=0.000000
L 217.52172396 4.32467512 217.46364178 4.35371494 5 P 0 ;0,1=0,2=0.000000
L 217.55076632 4.29563276 217.52172396 4.32467512 5 P 0 ;0,1=0,2=0.000000
L 217.57980614 4.1794684 217.57980614 4.23755058 5 P 0 ;0,1=0,2=0.000000
L 217.57980614 4.23755058 217.55076632 4.29563276 5 P 0 ;0,1=0,2=0.000000
L 217.71049168 4.23755058 217.79761622 4.32467512 5 P 0 ;0,1=0,2=0.000000
L 217.71049168 4.35371494 217.71049168 3.94713714 5 P 0 ;0,1=0,2=0.000000
L 217.79761622 4.32467512 217.8556984 4.35371494 5 P 0 ;0,1=0,2=0.000000
L 217.8556984 4.35371494 217.94282294 4.35371494 5 P 0 ;0,1=0,2=0.000000
L 217.94282294 4.35371494 218.00090512 4.32467512 5 P 0 ;0,1=0,2=0.000000
L 218.00090512 4.32467512 218.02994748 4.23755058 5 P 0 ;0,1=0,2=0.000000
L 218.02994748 4.23755058 218.02994748 3.94713714 5 P 0 ;0,1=0,2=0.000000
L 218.02994748 4.23755058 218.11706948 4.32467512 5 P 0 ;0,1=0,2=0.000000
L 218.11706948 4.32467512 218.1751542 4.35371494 5 P 0 ;0,1=0,2=0.000000
L 218.1751542 4.35371494 218.2622762 4.35371494 5 P 0 ;0,1=0,2=0.000000
L 218.2622762 4.35371494 218.32036092 4.32467512 5 P 0 ;0,1=0,2=0.000000
L 218.32036092 4.32467512 218.34940074 4.23755058 5 P 0 ;0,1=0,2=0.000000
L 218.34940074 4.23755058 218.34940074 3.94713714 5 P 0 ;0,1=0,2=0.000000
L 218.54107422 4.26659294 218.5991564 4.32467512 5 P 0 ;0,1=0,2=0.000000
L 218.54107422 4.55700638 218.54107422 3.94713714 5 P 0 ;0,1=0,2=0.000000
L 218.5991564 3.9761795 218.54107422 4.03426168 5 P 0 ;0,1=0,2=0.000000
L 218.5991564 4.32467512 218.65723858 4.35371494 5 P 0 ;0,1=0,2=0.000000
L 218.65723858 3.94713714 218.5991564 3.9761795 5 P 0 ;0,1=0,2=0.000000
L 218.65723858 4.35371494 218.74436312 4.35371494 5 P 0 ;0,1=0,2=0.000000
L 218.74436312 3.94713714 218.65723858 3.94713714 5 P 0 ;0,1=0,2=0.000000
L 218.74436312 4.35371494 218.8024453 4.32467512 5 P 0 ;0,1=0,2=0.000000
L 218.8024453 3.9761795 218.74436312 3.94713714 5 P 0 ;0,1=0,2=0.000000
L 218.8024453 4.32467512 218.86053002 4.26659294 5 P 0 ;0,1=0,2=0.000000
L 218.86053002 4.03426168 218.8024453 3.9761795 5 P 0 ;0,1=0,2=0.000000
L 218.86053002 4.26659294 218.88956984 4.1794684 5 P 0 ;0,1=0,2=0.000000
L 218.88956984 4.12138622 218.86053002 4.03426168 5 P 0 ;0,1=0,2=0.000000
L 218.88956984 4.1794684 218.88956984 4.12138622 5 P 0 ;0,1=0,2=0.000000
L 219.02025538 4.55700638 219.02025538 3.94713714 5 P 0 ;0,1=0,2=0.000000
L 219.17708006 3.74384824 219.1480377 3.74384824 5 P 0 ;0,1=0,2=0.000000
L 219.17708006 4.35371494 219.3513266 3.94713714 5 P 0 ;0,1=0,2=0.000000
L 219.23516224 3.77288806 219.17708006 3.74384824 5 P 0 ;0,1=0,2=0.000000
L 219.29324442 3.83097278 219.23516224 3.77288806 5 P 0 ;0,1=0,2=0.000000
L 219.3513266 3.94713714 219.29324442 3.83097278 5 P 0 ;0,1=0,2=0.000000
L 219.52557568 4.35371494 219.3513266 3.94713714 5 P 0 ;0,1=0,2=0.000000
L 220.10640002 4.55700638 220.51297782 4.55700638 5 P 0 ;0,1=0,2=0.000000
L 220.30968892 4.55700638 220.30968892 3.94713714 5 P 0 ;0,1=0,2=0.000000
L 220.58558118 4.12138622 220.61462354 4.03426168 5 P 0 ;0,1=0,2=0.000000
L 220.58558118 4.1794684 220.58558118 4.12138622 5 P 0 ;0,1=0,2=0.000000
L 220.61462354 4.03426168 220.67270572 3.9761795 5 P 0 ;0,1=0,2=0.000000
L 220.61462354 4.26659294 220.58558118 4.1794684 5 P 0 ;0,1=0,2=0.000000
L 220.67270572 3.9761795 220.7307879 3.94713714 5 P 0 ;0,1=0,2=0.000000
L 220.67270572 4.32467512 220.61462354 4.26659294 5 P 0 ;0,1=0,2=0.000000
L 220.7307879 3.94713714 220.81791244 3.94713714 5 P 0 ;0,1=0,2=0.000000
L 220.7307879 4.35371494 220.67270572 4.32467512 5 P 0 ;0,1=0,2=0.000000
L 220.81791244 3.94713714 220.87599462 3.9761795 5 P 0 ;0,1=0,2=0.000000
L 220.81791244 4.35371494 220.7307879 4.35371494 5 P 0 ;0,1=0,2=0.000000
L 220.87599462 3.9761795 220.9340768 4.03426168 5 P 0 ;0,1=0,2=0.000000
L 220.87599462 4.32467512 220.81791244 4.35371494 5 P 0 ;0,1=0,2=0.000000
L 220.9340768 4.03426168 220.96311916 4.12138622 5 P 0 ;0,1=0,2=0.000000
L 220.9340768 4.26659294 220.87599462 4.32467512 5 P 0 ;0,1=0,2=0.000000
L 220.96311916 4.12138622 220.96311916 4.1794684 5 P 0 ;0,1=0,2=0.000000
L 220.96311916 4.1794684 220.9340768 4.26659294 5 P 0 ;0,1=0,2=0.000000
L 221.09670792 4.26659294 221.1547901 4.32467512 5 P 0 ;0,1=0,2=0.000000
L 221.09670792 4.35371494 221.09670792 3.74384824 5 P 0 ;0,1=0,2=0.000000
L 221.1547901 3.9761795 221.09670792 4.03426168 5 P 0 ;0,1=0,2=0.000000
L 221.1547901 4.32467512 221.21287228 4.35371494 5 P 0 ;0,1=0,2=0.000000
L 221.21287228 3.94713714 221.1547901 3.9761795 5 P 0 ;0,1=0,2=0.000000
L 221.21287228 4.35371494 221.29999682 4.35371494 5 P 0 ;0,1=0,2=0.000000
L 221.29999682 3.94713714 221.21287228 3.94713714 5 P 0 ;0,1=0,2=0.000000
L 221.29999682 4.35371494 221.358079 4.32467512 5 P 0 ;0,1=0,2=0.000000
L 221.358079 3.9761795 221.29999682 3.94713714 5 P 0 ;0,1=0,2=0.000000
L 221.358079 4.32467512 221.41616372 4.26659294 5 P 0 ;0,1=0,2=0.000000
L 221.41616372 4.03426168 221.358079 3.9761795 5 P 0 ;0,1=0,2=0.000000
L 221.41616372 4.26659294 221.44520354 4.1794684 5 P 0 ;0,1=0,2=0.000000
L 221.44520354 4.12138622 221.41616372 4.03426168 5 P 0 ;0,1=0,2=0.000000
L 221.44520354 4.1794684 221.44520354 4.12138622 5 P 0 ;0,1=0,2=0.000000
L 232.49389874 3.26132698 232.49389874 5.67432698 3 P 0
P 211.53889874 4.46782698 6 P 0 0
