UNITS=MM
#Layer_Color=0
#
#Feature symbol names
#
$0 r49.9999
$1 r199.9996
$2 r127
$3 rect4826x2413

#
#Feature attribute names
#
@0 .nomenclature
@1 .string
@2 .string_angle

#
#Feature attribute text strings
#
&0 Coutryard Bottom

#
#Layer features
#
L 2.4940006 48.133 3.0939994 48.133 0 P 0
L 2.794 47.8330006 2.794 48.4329994 0 P 0
L 5.52703238 6.33499876 5.52703746 0.83500468 0 P 0
L 5.52703238 6.33499876 17.52703378 6.3350013 0 P 0
L 5.52703746 0.83500468 17.52703632 0.83500214 0 P 0
L 11.32703602 3.33499968 11.72703522 3.33499968 0 P 0
L 11.52703562 3.13500008 11.52703562 3.53500182 0 P 0
L 17.52703378 6.3350013 17.52703632 0.83500214 0 P 0
L 95.16499636 21.6349834 95.76499516 21.6349834 0 P 0
L 95.16499636 22.7350066 95.76499516 22.7350066 0 P 0
L 95.16499636 23.834979 95.76499516 23.834979 0 P 0
L 95.16499636 24.9350022 95.76499516 24.9350022 0 P 0
L 95.16499636 26.0350254 95.76499516 26.0350254 0 P 0
L 95.16499636 27.1349978 95.76499516 27.1349978 0 P 0
L 95.16499636 28.235021 95.76499516 28.235021 0 P 0
L 95.16499636 29.3349934 95.76499516 29.3349934 0 P 0
L 95.16499636 30.4350166 95.76499516 30.4350166 0 P 0
L 95.24002796 21.4099902 95.24002796 21.8600274 0 P 0
L 95.24002796 21.4099902 95.69001436 21.4099902 0 P 0
L 95.24002796 21.8600274 95.69001436 21.8600274 0 P 0
L 95.24002796 22.5100134 95.24002796 22.9599998 0 P 0
L 95.24002796 22.5100134 95.69001436 22.5100134 0 P 0
L 95.24002796 22.9599998 95.69001436 22.9599998 0 P 0
L 95.24002796 23.6099858 95.24002796 24.060023 0 P 0
L 95.24002796 23.6099858 95.69001436 23.6099858 0 P 0
L 95.24002796 24.060023 95.69001436 24.060023 0 P 0
L 95.24002796 24.710009 95.24002796 25.1599954 0 P 0
L 95.24002796 24.710009 95.69001436 24.710009 0 P 0
L 95.24002796 25.1599954 95.69001436 25.1599954 0 P 0
L 95.24002796 25.8099814 95.24002796 26.2600186 0 P 0
L 95.24002796 25.8099814 95.69001436 25.8099814 0 P 0
L 95.24002796 26.2600186 95.69001436 26.2600186 0 P 0
L 95.24002796 26.9100046 95.24002796 27.359991 0 P 0
L 95.24002796 26.9100046 95.69001436 26.9100046 0 P 0
L 95.24002796 27.359991 95.69001436 27.359991 0 P 0
L 95.24002796 28.009977 95.24002796 28.4600142 0 P 0
L 95.24002796 28.009977 95.69001436 28.009977 0 P 0
L 95.24002796 28.4600142 95.69001436 28.4600142 0 P 0
L 95.24002796 29.1100002 95.24002796 29.5599866 0 P 0
L 95.24002796 29.1100002 95.69001436 29.1100002 0 P 0
L 95.24002796 29.5599866 95.69001436 29.5599866 0 P 0
L 95.24002796 30.2100234 95.24002796 30.6600098 0 P 0
L 95.24002796 30.2100234 95.69001436 30.2100234 0 P 0
L 95.24002796 30.6600098 95.69001436 30.6600098 0 P 0
L 95.46502116 21.3350094 95.46502116 21.9350082 0 P 0
L 95.46502116 22.4349818 95.46502116 23.0349806 0 P 0
L 95.46502116 23.535005 95.46502116 24.1350038 0 P 0
L 95.46502116 24.6350282 95.46502116 25.235027 0 P 0
L 95.46502116 25.7350006 95.46502116 26.3349994 0 P 0
L 95.46502116 26.8350238 95.46502116 27.4350226 0 P 0
L 95.46502116 27.9349962 95.46502116 28.534995 0 P 0
L 95.46502116 29.0350194 95.46502116 29.6350182 0 P 0
L 95.46502116 30.1349918 95.46502116 30.7349906 0 P 0
L 95.69001436 21.4099902 95.69001436 21.8600274 0 P 0
L 95.69001436 22.5100134 95.69001436 22.9599998 0 P 0
L 95.69001436 23.6099858 95.69001436 24.060023 0 P 0
L 95.69001436 24.710009 95.69001436 25.1599954 0 P 0
L 95.69001436 25.8099814 95.69001436 26.2600186 0 P 0
L 95.69001436 26.9100046 95.69001436 27.359991 0 P 0
L 95.69001436 28.009977 95.69001436 28.4600142 0 P 0
L 95.69001436 29.1100002 95.69001436 29.5599866 0 P 0
L 95.69001436 30.2100234 95.69001436 30.6600098 0 P 0
L 96.26501956 21.6349834 96.86501836 21.6349834 0 P 0
L 96.26501956 22.7350066 96.86501836 22.7350066 0 P 0
L 96.26501956 23.834979 96.86501836 23.834979 0 P 0
L 96.26501956 24.9350022 96.86501836 24.9350022 0 P 0
L 96.26501956 26.0350254 96.86501836 26.0350254 0 P 0
L 96.26501956 27.1349978 96.86501836 27.1349978 0 P 0
L 96.26501956 28.235021 96.86501836 28.235021 0 P 0
L 96.26501956 29.3349934 96.86501836 29.3349934 0 P 0
L 96.26501956 30.4350166 96.86501836 30.4350166 0 P 0
L 96.34000036 21.4099902 96.34000036 21.8600274 0 P 0
L 96.34000036 21.4099902 96.78998676 21.4099902 0 P 0
L 96.34000036 21.8600274 96.78998676 21.8600274 0 P 0
L 96.34000036 22.5100134 96.34000036 22.9599998 0 P 0
L 96.34000036 22.5100134 96.78998676 22.5100134 0 P 0
L 96.34000036 22.9599998 96.78998676 22.9599998 0 P 0
L 96.34000036 23.6099858 96.34000036 24.060023 0 P 0
L 96.34000036 23.6099858 96.78998676 23.6099858 0 P 0
L 96.34000036 24.060023 96.78998676 24.060023 0 P 0
L 96.34000036 24.710009 96.34000036 25.1599954 0 P 0
L 96.34000036 24.710009 96.78998676 24.710009 0 P 0
L 96.34000036 25.1599954 96.78998676 25.1599954 0 P 0
L 96.34000036 25.8099814 96.34000036 26.2600186 0 P 0
L 96.34000036 25.8099814 96.78998676 25.8099814 0 P 0
L 96.34000036 26.2600186 96.78998676 26.2600186 0 P 0
L 96.34000036 26.9100046 96.34000036 27.359991 0 P 0
L 96.34000036 26.9100046 96.78998676 26.9100046 0 P 0
L 96.34000036 27.359991 96.78998676 27.359991 0 P 0
L 96.34000036 28.009977 96.34000036 28.4600142 0 P 0
L 96.34000036 28.009977 96.78998676 28.009977 0 P 0
L 96.34000036 28.4600142 96.78998676 28.4600142 0 P 0
L 96.34000036 29.1100002 96.34000036 29.5599866 0 P 0
L 96.34000036 29.1100002 96.78998676 29.1100002 0 P 0
L 96.34000036 29.5599866 96.78998676 29.5599866 0 P 0
L 96.34000036 30.2100234 96.34000036 30.6600098 0 P 0
L 96.34000036 30.2100234 96.78998676 30.2100234 0 P 0
L 96.34000036 30.6600098 96.78998676 30.6600098 0 P 0
L 96.56499356 21.3350094 96.56499356 21.9350082 0 P 0
L 96.56499356 22.4349818 96.56499356 23.0349806 0 P 0
L 96.56499356 23.535005 96.56499356 24.1350038 0 P 0
L 96.56499356 24.6350282 96.56499356 25.235027 0 P 0
L 96.56499356 25.7350006 96.56499356 26.3349994 0 P 0
L 96.56499356 26.8350238 96.56499356 27.4350226 0 P 0
L 96.56499356 27.9349962 96.56499356 28.534995 0 P 0
L 96.56499356 29.0350194 96.56499356 29.6350182 0 P 0
L 96.56499356 30.1349918 96.56499356 30.7349906 0 P 0
L 96.78998676 21.4099902 96.78998676 21.8600274 0 P 0
L 96.78998676 22.5100134 96.78998676 22.9599998 0 P 0
L 96.78998676 23.6099858 96.78998676 24.060023 0 P 0
L 96.78998676 24.710009 96.78998676 25.1599954 0 P 0
L 96.78998676 25.8099814 96.78998676 26.2600186 0 P 0
L 96.78998676 26.9100046 96.78998676 27.359991 0 P 0
L 96.78998676 28.009977 96.78998676 28.4600142 0 P 0
L 96.78998676 29.1100002 96.78998676 29.5599866 0 P 0
L 96.78998676 30.2100234 96.78998676 30.6600098 0 P 0
L 97.36499196 21.6349834 97.96499076 21.6349834 0 P 0
L 97.36499196 22.7350066 97.96499076 22.7350066 0 P 0
L 97.36499196 24.9350022 97.96499076 24.9350022 0 P 0
L 97.36499196 26.0350254 97.96499076 26.0350254 0 P 0
L 97.36499196 27.1349978 97.96499076 27.1349978 0 P 0
L 97.36499196 29.3349934 97.96499076 29.3349934 0 P 0
L 97.36499196 30.4350166 97.96499076 30.4350166 0 P 0
L 97.44002356 21.4099902 97.44002356 21.8600274 0 P 0
L 97.44002356 21.4099902 97.89000996 21.4099902 0 P 0
L 97.44002356 21.8600274 97.89000996 21.8600274 0 P 0
L 97.44002356 22.5100134 97.44002356 22.9599998 0 P 0
L 97.44002356 22.5100134 97.89000996 22.5100134 0 P 0
L 97.44002356 22.9599998 97.89000996 22.9599998 0 P 0
L 97.44002356 24.710009 97.44002356 25.1599954 0 P 0
L 97.44002356 24.710009 97.89000996 24.710009 0 P 0
L 97.44002356 25.1599954 97.89000996 25.1599954 0 P 0
L 97.44002356 25.8099814 97.44002356 26.2600186 0 P 0
L 97.44002356 25.8099814 97.89000996 25.8099814 0 P 0
L 97.44002356 26.2600186 97.89000996 26.2600186 0 P 0
L 97.44002356 26.9100046 97.44002356 27.359991 0 P 0
L 97.44002356 26.9100046 97.89000996 26.9100046 0 P 0
L 97.44002356 27.359991 97.89000996 27.359991 0 P 0
L 97.44002356 29.1100002 97.44002356 29.5599866 0 P 0
L 97.44002356 29.1100002 97.89000996 29.1100002 0 P 0
L 97.44002356 29.5599866 97.89000996 29.5599866 0 P 0
L 97.44002356 30.2100234 97.44002356 30.6600098 0 P 0
L 97.44002356 30.2100234 97.89000996 30.2100234 0 P 0
L 97.44002356 30.6600098 97.89000996 30.6600098 0 P 0
L 97.66501676 21.3350094 97.66501676 21.9350082 0 P 0
L 97.66501676 22.4349818 97.66501676 23.0349806 0 P 0
L 97.66501676 24.6350282 97.66501676 25.235027 0 P 0
L 97.66501676 25.7350006 97.66501676 26.3349994 0 P 0
L 97.66501676 26.8350238 97.66501676 27.4350226 0 P 0
L 97.66501676 29.0350194 97.66501676 29.6350182 0 P 0
L 97.66501676 30.1349918 97.66501676 30.7349906 0 P 0
L 97.89000996 21.4099902 97.89000996 21.8600274 0 P 0
L 97.89000996 22.5100134 97.89000996 22.9599998 0 P 0
L 97.89000996 24.710009 97.89000996 25.1599954 0 P 0
L 97.89000996 25.8099814 97.89000996 26.2600186 0 P 0
L 97.89000996 26.9100046 97.89000996 27.359991 0 P 0
L 97.89000996 29.1100002 97.89000996 29.5599866 0 P 0
L 97.89000996 30.2100234 97.89000996 30.6600098 0 P 0
L 98.46497198 29.3350188 99.06497078 29.3350188 0 P 0
L 98.46501516 21.6349834 99.06501396 21.6349834 0 P 0
L 98.46501516 22.7350066 99.06501396 22.7350066 0 P 0
L 98.46501516 23.834979 99.06501396 23.834979 0 P 0
L 98.46501516 28.235021 99.06501396 28.235021 0 P 0
L 98.46501516 30.4350166 99.06501396 30.4350166 0 P 0
L 98.53999596 21.4099902 98.53999596 21.8600274 0 P 0
L 98.53999596 21.4099902 98.98998236 21.4099902 0 P 0
L 98.53999596 21.8600274 98.98998236 21.8600274 0 P 0
L 98.53999596 22.5100134 98.53999596 22.9599998 0 P 0
L 98.53999596 22.5100134 98.98998236 22.5100134 0 P 0
L 98.53999596 22.9599998 98.98998236 22.9599998 0 P 0
L 98.53999596 23.6099858 98.53999596 24.060023 0 P 0
L 98.53999596 23.6099858 98.98998236 23.6099858 0 P 0
L 98.53999596 24.060023 98.98998236 24.060023 0 P 0
L 98.53999596 28.009977 98.53999596 28.4600142 0 P 0
L 98.53999596 28.009977 98.98998236 28.009977 0 P 0
L 98.53999596 28.4600142 98.98998236 28.4600142 0 P 0
L 98.53999596 30.2100234 98.53999596 30.6600098 0 P 0
L 98.53999596 30.2100234 98.98998236 30.2100234 0 P 0
L 98.53999596 30.6600098 98.98998236 30.6600098 0 P 0
L 98.54000358 29.1100256 98.54000358 29.560012 0 P 0
L 98.54000358 29.1100256 98.98998998 29.1100256 0 P 0
L 98.54000358 29.560012 98.98998998 29.560012 0 P 0
L 98.76498916 21.3350094 98.76498916 21.9350082 0 P 0
L 98.76498916 22.4349818 98.76498916 23.0349806 0 P 0
L 98.76498916 23.535005 98.76498916 24.1350038 0 P 0
L 98.76498916 27.9349962 98.76498916 28.534995 0 P 0
L 98.76498916 30.1349918 98.76498916 30.7349906 0 P 0
L 98.76499678 29.034994 98.76499678 29.6349928 0 P 0
L 98.98998236 21.4099902 98.98998236 21.8600274 0 P 0
L 98.98998236 22.5100134 98.98998236 22.9599998 0 P 0
L 98.98998236 23.6099858 98.98998236 24.060023 0 P 0
L 98.98998236 28.009977 98.98998236 28.4600142 0 P 0
L 98.98998236 30.2100234 98.98998236 30.6600098 0 P 0
L 98.98998998 29.1100256 98.98998998 29.560012 0 P 0
L 99.56497486 25.4850011 100.16497366 25.4850011 0 P 0
L 99.56497486 26.5849989 100.16497366 26.5849989 0 P 0
L 99.56498502 30.43499628 100.16498382 30.43499628 0 P 0
L 99.56498756 21.6349834 100.16498636 21.6349834 0 P 0
L 99.56498756 22.7350066 100.16498636 22.7350066 0 P 0
L 99.56498756 23.834979 100.16498636 23.834979 0 P 0
L 99.56498756 28.235021 100.16498636 28.235021 0 P 0
L 99.56502312 29.33499594 100.16502192 29.33499594 0 P 0
L 99.64000392 29.11000274 99.64000392 29.55998914 0 P 0
L 99.64000392 29.11000274 100.08999032 29.11000274 0 P 0
L 99.64000392 29.55998914 100.08999032 29.55998914 0 P 0
L 99.64000646 25.2599571 99.64000646 25.7099943 0 P 0
L 99.64000646 25.2599571 100.08999286 25.2599571 0 P 0
L 99.64000646 25.7099943 100.08999286 25.7099943 0 P 0
L 99.64000646 26.3599549 99.64000646 26.8099921 0 P 0
L 99.64000646 26.3599549 100.08999286 26.3599549 0 P 0
L 99.64000646 26.8099921 100.08999286 26.8099921 0 P 0
L 99.64001662 30.21000308 99.64001662 30.65998948 0 P 0
L 99.64001662 30.21000308 100.09000302 30.21000308 0 P 0
L 99.64001662 30.65998948 100.09000302 30.65998948 0 P 0
L 99.64001916 21.4099902 99.64001916 21.8600274 0 P 0
L 99.64001916 21.4099902 100.09000556 21.4099902 0 P 0
L 99.64001916 21.8600274 100.09000556 21.8600274 0 P 0
L 99.64001916 22.5100134 99.64001916 22.9599998 0 P 0
L 99.64001916 22.5100134 100.09000556 22.5100134 0 P 0
L 99.64001916 22.9599998 100.09000556 22.9599998 0 P 0
L 99.64001916 23.6099858 99.64001916 24.060023 0 P 0
L 99.64001916 23.6099858 100.09000556 23.6099858 0 P 0
L 99.64001916 24.060023 100.09000556 24.060023 0 P 0
L 99.64001916 28.009977 99.64001916 28.4600142 0 P 0
L 99.64001916 28.009977 100.09000556 28.009977 0 P 0
L 99.64001916 28.4600142 100.09000556 28.4600142 0 P 0
L 99.86499712 29.03502194 99.86499712 29.63502074 0 P 0
L 99.86499966 25.1849763 99.86499966 25.7849751 0 P 0
L 99.86499966 26.2849741 99.86499966 26.8849729 0 P 0
L 99.86500982 30.13502228 99.86500982 30.73502108 0 P 0
L 99.86501236 21.3350094 99.86501236 21.9350082 0 P 0
L 99.86501236 22.4349818 99.86501236 23.0349806 0 P 0
L 99.86501236 23.535005 99.86501236 24.1350038 0 P 0
L 99.86501236 27.9349962 99.86501236 28.534995 0 P 0
L 100.08999032 29.11000274 100.08999032 29.55998914 0 P 0
L 100.08999286 25.2599571 100.08999286 25.7099943 0 P 0
L 100.08999286 26.3599549 100.08999286 26.8099921 0 P 0
L 100.09000302 30.21000308 100.09000302 30.65998948 0 P 0
L 100.09000556 21.4099902 100.09000556 21.8600274 0 P 0
L 100.09000556 22.5100134 100.09000556 22.9599998 0 P 0
L 100.09000556 23.6099858 100.09000556 24.060023 0 P 0
L 100.09000556 28.009977 100.09000556 28.4600142 0 P 0
L 100.6649752 25.4850011 101.264974 25.4850011 0 P 0
L 100.6649752 26.5849989 101.264974 26.5849989 0 P 0
L 100.66501076 21.6349834 101.26500956 21.6349834 0 P 0
L 100.66501076 22.7350066 101.26500956 22.7350066 0 P 0
L 100.66501076 23.834979 101.26500956 23.834979 0 P 0
L 100.66501076 28.235021 101.26500956 28.235021 0 P 0
L 100.66501076 29.3349934 101.26500956 29.3349934 0 P 0
L 100.66501076 30.4350166 101.26500956 30.4350166 0 P 0
L 100.73999156 21.4099902 100.73999156 21.8600274 0 P 0
L 100.73999156 21.4099902 101.19002876 21.4099902 0 P 0
L 100.73999156 21.8600274 101.19002876 21.8600274 0 P 0
L 100.73999156 22.5100134 100.73999156 22.9599998 0 P 0
L 100.73999156 22.5100134 101.19002876 22.5100134 0 P 0
L 100.73999156 22.9599998 101.19002876 22.9599998 0 P 0
L 100.73999156 23.6099858 100.73999156 24.060023 0 P 0
L 100.73999156 23.6099858 101.19002876 23.6099858 0 P 0
L 100.73999156 24.060023 101.19002876 24.060023 0 P 0
L 100.73999156 28.009977 100.73999156 28.4600142 0 P 0
L 100.73999156 28.009977 101.19002876 28.009977 0 P 0
L 100.73999156 28.4600142 101.19002876 28.4600142 0 P 0
L 100.73999156 29.1100002 100.73999156 29.5599866 0 P 0
L 100.73999156 29.1100002 101.19002876 29.1100002 0 P 0
L 100.73999156 29.5599866 101.19002876 29.5599866 0 P 0
L 100.73999156 30.2100234 100.73999156 30.6600098 0 P 0
L 100.73999156 30.2100234 101.19002876 30.2100234 0 P 0
L 100.73999156 30.6600098 101.19002876 30.6600098 0 P 0
L 100.7400068 25.2599571 100.7400068 25.7099943 0 P 0
L 100.7400068 25.2599571 101.1899932 25.2599571 0 P 0
L 100.7400068 25.7099943 101.1899932 25.7099943 0 P 0
L 100.7400068 26.3599549 100.7400068 26.8099921 0 P 0
L 100.7400068 26.3599549 101.1899932 26.3599549 0 P 0
L 100.7400068 26.8099921 101.1899932 26.8099921 0 P 0
L 100.96498476 21.3350094 100.96498476 21.9350082 0 P 0
L 100.96498476 22.4349818 100.96498476 23.0349806 0 P 0
L 100.96498476 23.535005 100.96498476 24.1350038 0 P 0
L 100.96498476 27.9349962 100.96498476 28.534995 0 P 0
L 100.96498476 29.0350194 100.96498476 29.6350182 0 P 0
L 100.96498476 30.1349918 100.96498476 30.7349906 0 P 0
L 100.965 25.1849763 100.965 25.7849751 0 P 0
L 100.965 26.2849741 100.965 26.8849729 0 P 0
L 101.1899932 25.2599571 101.1899932 25.7099943 0 P 0
L 101.1899932 26.3599549 101.1899932 26.8099921 0 P 0
L 101.19002876 21.4099902 101.19002876 21.8600274 0 P 0
L 101.19002876 22.5100134 101.19002876 22.9599998 0 P 0
L 101.19002876 23.6099858 101.19002876 24.060023 0 P 0
L 101.19002876 28.009977 101.19002876 28.4600142 0 P 0
L 101.19002876 29.1100002 101.19002876 29.5599866 0 P 0
L 101.19002876 30.2100234 101.19002876 30.6600098 0 P 0
L 101.76497046 25.4850011 102.36496926 25.4850011 0 P 0
L 101.76497046 26.5849989 102.36496926 26.5849989 0 P 0
L 101.76498316 21.6349834 102.36498196 21.6349834 0 P 0
L 101.76498316 22.7350066 102.36498196 22.7350066 0 P 0
L 101.76498316 28.235021 102.36498196 28.235021 0 P 0
L 101.76498316 29.3349934 102.36498196 29.3349934 0 P 0
L 101.76498316 30.4350166 102.36498196 30.4350166 0 P 0
L 101.76498824 23.83500694 102.36498704 23.83500694 0 P 0
L 101.84000206 25.2599571 101.84000206 25.7099943 0 P 0
L 101.84000206 25.2599571 102.28998846 25.2599571 0 P 0
L 101.84000206 25.7099943 102.28998846 25.7099943 0 P 0
L 101.84000206 26.3599549 101.84000206 26.8099921 0 P 0
L 101.84000206 26.3599549 102.28998846 26.3599549 0 P 0
L 101.84000206 26.8099921 102.28998846 26.8099921 0 P 0
L 101.84001476 21.4099902 101.84001476 21.8600274 0 P 0
L 101.84001476 21.4099902 102.29000116 21.4099902 0 P 0
L 101.84001476 21.8600274 102.29000116 21.8600274 0 P 0
L 101.84001476 22.5100134 101.84001476 22.9600506 0 P 0
L 101.84001476 22.5100134 102.29000116 22.5100134 0 P 0
L 101.84001476 22.9600506 102.29000116 22.9600506 0 P 0
L 101.84001476 28.009977 101.84001476 28.4600142 0 P 0
L 101.84001476 28.009977 102.29000116 28.009977 0 P 0
L 101.84001476 28.4600142 102.29000116 28.4600142 0 P 0
L 101.84001476 29.1100002 101.84001476 29.5599866 0 P 0
L 101.84001476 29.1100002 102.29000116 29.1100002 0 P 0
L 101.84001476 29.5599866 102.29000116 29.5599866 0 P 0
L 101.84001476 30.2100234 101.84001476 30.6600098 0 P 0
L 101.84001476 30.2100234 102.29000116 30.2100234 0 P 0
L 101.84001476 30.6600098 102.29000116 30.6600098 0 P 0
L 101.84001984 23.61001374 101.84001984 24.06000014 0 P 0
L 101.84001984 23.61001374 102.29000624 23.61001374 0 P 0
L 101.84001984 24.06000014 102.29000624 24.06000014 0 P 0
L 102.06499526 25.1849763 102.06499526 25.7849751 0 P 0
L 102.06499526 26.2849741 102.06499526 26.8849729 0 P 0
L 102.06500796 21.3350094 102.06500796 21.9350082 0 P 0
L 102.06500796 22.4350326 102.06500796 23.0350314 0 P 0
L 102.06500796 27.9349962 102.06500796 28.534995 0 P 0
L 102.06500796 29.0350194 102.06500796 29.6350182 0 P 0
L 102.06500796 30.1349918 102.06500796 30.7349906 0 P 0
L 102.06501304 23.53498214 102.06501304 24.13498094 0 P 0
L 102.28998846 25.2599571 102.28998846 25.7099943 0 P 0
L 102.28998846 26.3599549 102.28998846 26.8099921 0 P 0
L 102.29000116 21.4099902 102.29000116 21.8600274 0 P 0
L 102.29000116 22.5100134 102.29000116 22.9600506 0 P 0
L 102.29000116 28.009977 102.29000116 28.4600142 0 P 0
L 102.29000116 29.1100002 102.29000116 29.5599866 0 P 0
L 102.29000116 30.2100234 102.29000116 30.6600098 0 P 0
L 102.29000624 23.61001374 102.29000624 24.06000014 0 P 0
L 102.7478006 46.1772 103.3477994 46.1772 0 P 0
L 102.86500636 21.6349834 103.46500516 21.6349834 0 P 0
L 102.86500636 22.7350066 103.46500516 22.7350066 0 P 0
L 102.86500636 23.834979 103.46500516 23.834979 0 P 0
L 102.86500636 28.235021 103.46500516 28.235021 0 P 0
L 102.86500636 29.3350061 103.46500516 29.3350061 0 P 0
L 102.86500636 30.4350166 103.46500516 30.4350166 0 P 0
L 102.93998716 21.4099902 102.93998716 21.8600274 0 P 0
L 102.93998716 21.4099902 103.39002436 21.4099902 0 P 0
L 102.93998716 21.8600274 103.39002436 21.8600274 0 P 0
L 102.93998716 22.5100134 102.93998716 22.9599998 0 P 0
L 102.93998716 22.5100134 103.39002436 22.5100134 0 P 0
L 102.93998716 22.9599998 103.39002436 22.9599998 0 P 0
L 102.93998716 23.6099858 102.93998716 24.060023 0 P 0
L 102.93998716 23.6099858 103.39002436 23.6099858 0 P 0
L 102.93998716 24.060023 103.39002436 24.060023 0 P 0
L 102.93998716 28.009977 102.93998716 28.4600142 0 P 0
L 102.93998716 28.009977 103.39002436 28.009977 0 P 0
L 102.93998716 28.4600142 103.39002436 28.4600142 0 P 0
L 102.93998716 29.1100129 102.93998716 29.5599993 0 P 0
L 102.93998716 29.1100129 103.38997356 29.1100129 0 P 0
L 102.93998716 29.5599993 103.38997356 29.5599993 0 P 0
L 102.93998716 30.2100234 102.93998716 30.6600098 0 P 0
L 102.93998716 30.2100234 103.39002436 30.2100234 0 P 0
L 102.93998716 30.6600098 103.39002436 30.6600098 0 P 0
L 103.0478 45.8772006 103.0478 46.4771994 0 P 0
L 103.16498036 21.3350094 103.16498036 21.9350082 0 P 0
L 103.16498036 22.4349818 103.16498036 23.0349806 0 P 0
L 103.16498036 23.535005 103.16498036 24.1350038 0 P 0
L 103.16498036 27.9349962 103.16498036 28.534995 0 P 0
L 103.16498036 29.0349813 103.16498036 29.6349801 0 P 0
L 103.16498036 30.1349918 103.16498036 30.7349906 0 P 0
L 103.38997356 29.1100129 103.38997356 29.5599993 0 P 0
L 103.39002436 21.4099902 103.39002436 21.8600274 0 P 0
L 103.39002436 22.5100134 103.39002436 22.9599998 0 P 0
L 103.39002436 23.6099858 103.39002436 24.060023 0 P 0
L 103.39002436 28.009977 103.39002436 28.4600142 0 P 0
L 103.39002436 30.2100234 103.39002436 30.6600098 0 P 0
L 103.96497622 25.4850011 104.56497502 25.4850011 0 P 0
L 103.96497622 26.5849989 104.56497502 26.5849989 0 P 0
L 103.9650067 30.43597164 104.5650055 30.43597164 0 P 0
L 103.96502956 21.6349834 104.56502836 21.6349834 0 P 0
L 103.96502956 22.7350066 104.56502836 22.7350066 0 P 0
L 103.96502956 23.834979 104.56502836 23.834979 0 P 0
L 103.96502956 28.235021 104.56502836 28.235021 0 P 0
L 103.96502956 29.3349934 104.56502836 29.3349934 0 P 0
L 104.0399875 30.21097844 104.0399875 30.66096484 0 P 0
L 104.0399875 30.21097844 104.4900247 30.21097844 0 P 0
L 104.0399875 30.66096484 104.4900247 30.66096484 0 P 0
L 104.04000782 25.2599571 104.04000782 25.7099943 0 P 0
L 104.04000782 25.2599571 104.48999422 25.2599571 0 P 0
L 104.04000782 25.7099943 104.48999422 25.7099943 0 P 0
L 104.04000782 26.3599549 104.04000782 26.8099921 0 P 0
L 104.04000782 26.3599549 104.48999422 26.3599549 0 P 0
L 104.04000782 26.8099921 104.48999422 26.8099921 0 P 0
L 104.04001036 21.4099902 104.04001036 21.8600274 0 P 0
L 104.04001036 21.4099902 104.48999676 21.4099902 0 P 0
L 104.04001036 21.8600274 104.48999676 21.8600274 0 P 0
L 104.04001036 22.5100134 104.04001036 22.9599998 0 P 0
L 104.04001036 22.5100134 104.48999676 22.5100134 0 P 0
L 104.04001036 22.9599998 104.48999676 22.9599998 0 P 0
L 104.04001036 23.6099858 104.04001036 24.060023 0 P 0
L 104.04001036 23.6099858 104.48999676 23.6099858 0 P 0
L 104.04001036 24.060023 104.48999676 24.060023 0 P 0
L 104.04001036 28.009977 104.04001036 28.4600142 0 P 0
L 104.04001036 28.009977 104.48999676 28.009977 0 P 0
L 104.04001036 28.4600142 104.48999676 28.4600142 0 P 0
L 104.04001036 29.1100002 104.04001036 29.5599866 0 P 0
L 104.04001036 29.1100002 104.48999676 29.1100002 0 P 0
L 104.04001036 29.5599866 104.48999676 29.5599866 0 P 0
L 104.2649807 30.13599764 104.2649807 30.73599644 0 P 0
L 104.26500102 25.1849763 104.26500102 25.7849751 0 P 0
L 104.26500102 26.2849741 104.26500102 26.8849729 0 P 0
L 104.26500356 21.3350094 104.26500356 21.9350082 0 P 0
L 104.26500356 22.4349818 104.26500356 23.0349806 0 P 0
L 104.26500356 23.535005 104.26500356 24.1350038 0 P 0
L 104.26500356 27.9349962 104.26500356 28.534995 0 P 0
L 104.26500356 29.0350194 104.26500356 29.6350182 0 P 0
L 104.48999422 25.2599571 104.48999422 25.7099943 0 P 0
L 104.48999422 26.3599549 104.48999422 26.8099921 0 P 0
L 104.48999676 21.4099902 104.48999676 21.8600274 0 P 0
L 104.48999676 22.5100134 104.48999676 22.9599998 0 P 0
L 104.48999676 23.6099858 104.48999676 24.060023 0 P 0
L 104.48999676 28.009977 104.48999676 28.4600142 0 P 0
L 104.48999676 29.1100002 104.48999676 29.5599866 0 P 0
L 104.4900247 30.21097844 104.4900247 30.66096484 0 P 0
L 105.06500196 21.6349834 105.66500076 21.6349834 0 P 0
L 105.06500196 22.7350066 105.66500076 22.7350066 0 P 0
L 105.06500196 23.834979 105.66500076 23.834979 0 P 0
L 105.06500196 26.0350254 105.66500076 26.0350254 0 P 0
L 105.06500196 28.235021 105.66500076 28.235021 0 P 0
L 105.06500196 29.3349934 105.66500076 29.3349934 0 P 0
L 105.06500196 30.4350166 105.66500076 30.4350166 0 P 0
L 105.13998276 21.4099902 105.13998276 21.8600274 0 P 0
L 105.13998276 21.4099902 105.59001996 21.4099902 0 P 0
L 105.13998276 21.8600274 105.59001996 21.8600274 0 P 0
L 105.13998276 22.5100134 105.13998276 22.9599998 0 P 0
L 105.13998276 22.5100134 105.59001996 22.5100134 0 P 0
L 105.13998276 22.9599998 105.59001996 22.9599998 0 P 0
L 105.13998276 23.6099858 105.13998276 24.060023 0 P 0
L 105.13998276 23.6099858 105.59001996 23.6099858 0 P 0
L 105.13998276 24.060023 105.59001996 24.060023 0 P 0
L 105.13998276 25.8099814 105.13998276 26.2600186 0 P 0
L 105.13998276 25.8099814 105.59001996 25.8099814 0 P 0
L 105.13998276 26.2600186 105.59001996 26.2600186 0 P 0
L 105.13998276 28.009977 105.13998276 28.4600142 0 P 0
L 105.13998276 28.009977 105.59001996 28.009977 0 P 0
L 105.13998276 28.4600142 105.59001996 28.4600142 0 P 0
L 105.13998276 29.1100002 105.13998276 29.5599866 0 P 0
L 105.13998276 29.1100002 105.59001996 29.1100002 0 P 0
L 105.13998276 29.5599866 105.59001996 29.5599866 0 P 0
L 105.13998276 30.2100234 105.13998276 30.6600098 0 P 0
L 105.13998276 30.2100234 105.59001996 30.2100234 0 P 0
L 105.13998276 30.6600098 105.59001996 30.6600098 0 P 0
L 105.36502676 21.3350094 105.36502676 21.9350082 0 P 0
L 105.36502676 22.4349818 105.36502676 23.0349806 0 P 0
L 105.36502676 23.535005 105.36502676 24.1350038 0 P 0
L 105.36502676 25.7350006 105.36502676 26.3349994 0 P 0
L 105.36502676 27.9349962 105.36502676 28.534995 0 P 0
L 105.36502676 29.0350194 105.36502676 29.6350182 0 P 0
L 105.36502676 30.1349918 105.36502676 30.7349906 0 P 0
L 105.59001996 21.4099902 105.59001996 21.8600274 0 P 0
L 105.59001996 22.5100134 105.59001996 22.9599998 0 P 0
L 105.59001996 23.6099858 105.59001996 24.060023 0 P 0
L 105.59001996 25.8099814 105.59001996 26.2600186 0 P 0
L 105.59001996 28.009977 105.59001996 28.4600142 0 P 0
L 105.59001996 29.1100002 105.59001996 29.5599866 0 P 0
L 105.59001996 30.2100234 105.59001996 30.6600098 0 P 0
L 106.56502436 21.6349834 107.16502316 21.6349834 0 P 0
L 106.56502436 30.4350166 107.16502316 30.4350166 0 P 0
L 106.64000516 21.4099902 106.64000516 21.8600274 0 P 0
L 106.64000516 21.4099902 107.08999156 21.4099902 0 P 0
L 106.64000516 21.8600274 107.08999156 21.8600274 0 P 0
L 106.64000516 30.2100234 106.64000516 30.6600098 0 P 0
L 106.64000516 30.2100234 107.08999156 30.2100234 0 P 0
L 106.64000516 30.6600098 107.08999156 30.6600098 0 P 0
L 106.86499836 21.3350094 106.86499836 21.9350082 0 P 0
L 106.86499836 30.1349918 106.86499836 30.7349906 0 P 0
L 107.08999156 21.4099902 107.08999156 21.8600274 0 P 0
L 107.08999156 30.2100234 107.08999156 30.6600098 0 P 0
L 108.06499596 21.6349834 108.66499476 21.6349834 0 P 0
L 108.06499596 22.7350066 108.66499476 22.7350066 0 P 0
L 108.06499596 29.3349934 108.66499476 29.3349934 0 P 0
L 108.06499596 30.4350166 108.66499476 30.4350166 0 P 0
L 108.14002756 21.4099902 108.14002756 21.8600274 0 P 0
L 108.14002756 21.4099902 108.59001396 21.4099902 0 P 0
L 108.14002756 21.8600274 108.59001396 21.8600274 0 P 0
L 108.14002756 22.5100134 108.14002756 22.9599998 0 P 0
L 108.14002756 22.5100134 108.59001396 22.5100134 0 P 0
L 108.14002756 22.9599998 108.59001396 22.9599998 0 P 0
L 108.14002756 29.1100002 108.14002756 29.5599866 0 P 0
L 108.14002756 29.1100002 108.59001396 29.1100002 0 P 0
L 108.14002756 29.5599866 108.59001396 29.5599866 0 P 0
L 108.14002756 30.2100234 108.14002756 30.6600098 0 P 0
L 108.14002756 30.2100234 108.59001396 30.2100234 0 P 0
L 108.14002756 30.6600098 108.59001396 30.6600098 0 P 0
L 108.36502076 21.3350094 108.36502076 21.9350082 0 P 0
L 108.36502076 22.4349818 108.36502076 23.0349806 0 P 0
L 108.36502076 29.0350194 108.36502076 29.6350182 0 P 0
L 108.36502076 30.1349918 108.36502076 30.7349906 0 P 0
L 108.59001396 21.4099902 108.59001396 21.8600274 0 P 0
L 108.59001396 22.5100134 108.59001396 22.9599998 0 P 0
L 108.59001396 29.1100002 108.59001396 29.5599866 0 P 0
L 108.59001396 30.2100234 108.59001396 30.6600098 0 P 0
L 204.5134086 33.48929802 204.5134086 35.90229802 1 P 0
L 204.5134086 33.48929802 227.8814086 33.48929802 1 P 0
L 204.5134086 35.90229802 227.8814086 35.90229802 1 P 0
L 211.11740352 34.56207464 211.16577528 34.41696444 2 P 0 ;0,1=0,2=0.000000
L 211.11740352 34.80392836 211.11740352 34.56207464 2 P 0 ;0,1=0,2=0.000000
L 211.16577528 34.41696444 211.2141445 34.32022346 2 P 0 ;0,1=0,2=0.000000
L 211.16577528 34.9490411 211.11740352 34.80392836 2 P 0 ;0,1=0,2=0.000000
L 211.2141445 34.32022346 211.31088548 34.22348248 2 P 0 ;0,1=0,2=0.000000
L 211.2141445 35.04578208 211.16577528 34.9490411 2 P 0 ;0,1=0,2=0.000000
L 211.31088548 34.22348248 211.40762646 34.17511072 2 P 0 ;0,1=0,2=0.000000
L 211.31088548 35.14252306 211.2141445 35.04578208 2 P 0 ;0,1=0,2=0.000000
L 211.40762646 34.17511072 211.60110842 34.17511072 2 P 0 ;0,1=0,2=0.000000
L 211.40762646 35.19089228 211.31088548 35.14252306 2 P 0 ;0,1=0,2=0.000000
L 211.60110842 34.17511072 211.6978494 34.22348248 2 P 0 ;0,1=0,2=0.000000
L 211.60110842 35.19089228 211.40762646 35.19089228 2 P 0 ;0,1=0,2=0.000000
L 211.6978494 34.22348248 211.79459292 34.32022346 2 P 0 ;0,1=0,2=0.000000
L 211.6978494 35.14252306 211.60110842 35.19089228 2 P 0 ;0,1=0,2=0.000000
L 211.79459292 34.32022346 211.84296214 34.41696444 2 P 0 ;0,1=0,2=0.000000
L 211.79459292 35.04578208 211.6978494 35.14252306 2 P 0 ;0,1=0,2=0.000000
L 211.84296214 34.9490411 211.79459292 35.04578208 2 P 0 ;0,1=0,2=0.000000
L 212.12834892 34.46533366 212.17672068 34.32022346 2 P 0 ;0,1=0,2=0.000000
L 212.12834892 34.56207464 212.12834892 34.46533366 2 P 0 ;0,1=0,2=0.000000
L 212.17672068 34.32022346 212.27346166 34.22348248 2 P 0 ;0,1=0,2=0.000000
L 212.17672068 34.70718738 212.12834892 34.56207464 2 P 0 ;0,1=0,2=0.000000
L 212.27346166 34.22348248 212.37020264 34.17511072 2 P 0 ;0,1=0,2=0.000000
L 212.27346166 34.80392836 212.17672068 34.70718738 2 P 0 ;0,1=0,2=0.000000
L 212.37020264 34.17511072 212.51531284 34.17511072 2 P 0 ;0,1=0,2=0.000000
L 212.37020264 34.85230012 212.27346166 34.80392836 2 P 0 ;0,1=0,2=0.000000
L 212.51531284 34.17511072 212.61205382 34.22348248 2 P 0 ;0,1=0,2=0.000000
L 212.51531284 34.85230012 212.37020264 34.85230012 2 P 0 ;0,1=0,2=0.000000
L 212.61205382 34.22348248 212.7087948 34.32022346 2 P 0 ;0,1=0,2=0.000000
L 212.61205382 34.80392836 212.51531284 34.85230012 2 P 0 ;0,1=0,2=0.000000
L 212.7087948 34.32022346 212.75716656 34.46533366 2 P 0 ;0,1=0,2=0.000000
L 212.7087948 34.70718738 212.61205382 34.80392836 2 P 0 ;0,1=0,2=0.000000
L 212.75716656 34.46533366 212.75716656 34.56207464 2 P 0 ;0,1=0,2=0.000000
L 212.75716656 34.56207464 212.7087948 34.70718738 2 P 0 ;0,1=0,2=0.000000
L 212.97967056 34.36859268 213.02804232 34.22348248 2 P 0 ;0,1=0,2=0.000000
L 212.97967056 34.85230012 212.97967056 34.36859268 2 P 0 ;0,1=0,2=0.000000
L 213.02804232 34.22348248 213.1247833 34.17511072 2 P 0 ;0,1=0,2=0.000000
L 213.1247833 34.17511072 213.2698935 34.17511072 2 P 0 ;0,1=0,2=0.000000
L 213.2698935 34.17511072 213.36663448 34.22348248 2 P 0 ;0,1=0,2=0.000000
L 213.36663448 34.22348248 213.51174722 34.36859268 2 P 0 ;0,1=0,2=0.000000
L 213.51174722 34.85230012 213.51174722 34.17511072 2 P 0 ;0,1=0,2=0.000000
L 213.77778428 34.85230012 214.11637898 34.85230012 2 P 0 ;0,1=0,2=0.000000
L 213.92289702 34.36859268 213.97126624 34.22348248 2 P 0 ;0,1=0,2=0.000000
L 213.92289702 35.19089228 213.92289702 34.36859268 2 P 0 ;0,1=0,2=0.000000
L 213.97126624 34.22348248 214.06800722 34.17511072 2 P 0 ;0,1=0,2=0.000000
L 214.06800722 34.17511072 214.1647482 34.17511072 2 P 0 ;0,1=0,2=0.000000
L 214.30986094 34.56207464 214.3582327 34.70718738 2 P 0 ;0,1=0,2=0.000000
L 214.30986094 34.85230012 214.30986094 34.17511072 2 P 0 ;0,1=0,2=0.000000
L 214.3582327 34.70718738 214.45497368 34.80392836 2 P 0 ;0,1=0,2=0.000000
L 214.45497368 34.80392836 214.55171466 34.85230012 2 P 0 ;0,1=0,2=0.000000
L 214.55171466 34.85230012 214.69682486 34.85230012 2 P 0 ;0,1=0,2=0.000000
L 214.83710144 33.83651602 214.78872968 33.83651602 2 P 0 ;0,1=0,2=0.000000
L 214.83710144 34.85230012 215.12732438 34.17511072 2 P 0 ;0,1=0,2=0.000000
L 214.93384242 33.88488778 214.83710144 33.83651602 2 P 0 ;0,1=0,2=0.000000
L 215.0305834 33.98162876 214.93384242 33.88488778 2 P 0 ;0,1=0,2=0.000000
L 215.12732438 34.17511072 215.0305834 33.98162876 2 P 0 ;0,1=0,2=0.000000
L 215.41754732 34.85230012 215.12732438 34.17511072 2 P 0 ;0,1=0,2=0.000000
L 215.5868434 34.46533366 215.63521516 34.32022346 2 P 0 ;0,1=0,2=0.000000
L 215.5868434 34.56207464 215.5868434 34.46533366 2 P 0 ;0,1=0,2=0.000000
L 215.63521516 34.32022346 215.73195614 34.22348248 2 P 0 ;0,1=0,2=0.000000
L 215.63521516 34.70718738 215.5868434 34.56207464 2 P 0 ;0,1=0,2=0.000000
L 215.73195614 34.22348248 215.82869712 34.17511072 2 P 0 ;0,1=0,2=0.000000
L 215.73195614 34.80392836 215.63521516 34.70718738 2 P 0 ;0,1=0,2=0.000000
L 215.82869712 34.17511072 215.97380732 34.17511072 2 P 0 ;0,1=0,2=0.000000
L 215.82869712 34.85230012 215.73195614 34.80392836 2 P 0 ;0,1=0,2=0.000000
L 215.97380732 34.17511072 216.0705483 34.22348248 2 P 0 ;0,1=0,2=0.000000
L 215.97380732 34.85230012 215.82869712 34.85230012 2 P 0 ;0,1=0,2=0.000000
L 216.0705483 34.22348248 216.16728928 34.32022346 2 P 0 ;0,1=0,2=0.000000
L 216.0705483 34.80392836 215.97380732 34.85230012 2 P 0 ;0,1=0,2=0.000000
L 216.16728928 34.70718738 216.0705483 34.80392836 2 P 0 ;0,1=0,2=0.000000
L 216.16728928 34.85230012 216.16728928 34.17511072 2 P 0 ;0,1=0,2=0.000000
L 216.43816504 34.56207464 216.4865368 34.70718738 2 P 0 ;0,1=0,2=0.000000
L 216.43816504 34.85230012 216.43816504 34.17511072 2 P 0 ;0,1=0,2=0.000000
L 216.4865368 34.70718738 216.58327778 34.80392836 2 P 0 ;0,1=0,2=0.000000
L 216.58327778 34.80392836 216.68001876 34.85230012 2 P 0 ;0,1=0,2=0.000000
L 216.68001876 34.85230012 216.82512896 34.85230012 2 P 0 ;0,1=0,2=0.000000
L 216.91703378 34.46533366 216.96540554 34.32022346 2 P 0 ;0,1=0,2=0.000000
L 216.91703378 34.56207464 216.91703378 34.46533366 2 P 0 ;0,1=0,2=0.000000
L 216.96540554 34.32022346 217.06214652 34.22348248 2 P 0 ;0,1=0,2=0.000000
L 216.96540554 34.70718738 216.91703378 34.56207464 2 P 0 ;0,1=0,2=0.000000
L 217.06214652 34.22348248 217.1588875 34.17511072 2 P 0 ;0,1=0,2=0.000000
L 217.06214652 34.80392836 216.96540554 34.70718738 2 P 0 ;0,1=0,2=0.000000
L 217.1588875 34.17511072 217.3039977 34.17511072 2 P 0 ;0,1=0,2=0.000000
L 217.1588875 34.85230012 217.06214652 34.80392836 2 P 0 ;0,1=0,2=0.000000
L 217.3039977 34.17511072 217.40073868 34.22348248 2 P 0 ;0,1=0,2=0.000000
L 217.3039977 34.85230012 217.1588875 34.85230012 2 P 0 ;0,1=0,2=0.000000
L 217.40073868 34.22348248 217.49747966 34.32022346 2 P 0 ;0,1=0,2=0.000000
L 217.40073868 34.80392836 217.3039977 34.85230012 2 P 0 ;0,1=0,2=0.000000
L 217.49747966 34.70718738 217.40073868 34.80392836 2 P 0 ;0,1=0,2=0.000000
L 217.49747966 35.19089228 217.49747966 34.17511072 2 P 0 ;0,1=0,2=0.000000
L 218.56646914 34.70718738 219.00180482 34.70718738 2 P 0 ;0,1=0,2=0.000000
L 218.56646914 35.19089228 218.56646914 34.17511072 2 P 0 ;0,1=0,2=0.000000
L 218.56646914 35.19089228 219.00180482 35.19089228 2 P 0 ;0,1=0,2=0.000000
L 219.00180482 34.17511072 218.56646914 34.17511072 2 P 0 ;0,1=0,2=0.000000
L 219.00180482 34.70718738 219.14691502 34.65881562 2 P 0 ;0,1=0,2=0.000000
L 219.00180482 35.19089228 219.14691502 35.14252306 2 P 0 ;0,1=0,2=0.000000
L 219.14691502 34.22348248 219.00180482 34.17511072 2 P 0 ;0,1=0,2=0.000000
L 219.14691502 34.65881562 219.19528678 34.6104464 2 P 0 ;0,1=0,2=0.000000
L 219.14691502 34.7555566 219.00180482 34.70718738 2 P 0 ;0,1=0,2=0.000000
L 219.14691502 35.14252306 219.19528678 35.0941513 2 P 0 ;0,1=0,2=0.000000
L 219.19528678 34.2718517 219.14691502 34.22348248 2 P 0 ;0,1=0,2=0.000000
L 219.19528678 34.6104464 219.24365854 34.51370542 2 P 0 ;0,1=0,2=0.000000
L 219.19528678 34.80392836 219.14691502 34.7555566 2 P 0 ;0,1=0,2=0.000000
L 219.19528678 35.0941513 219.24365854 34.99741032 2 P 0 ;0,1=0,2=0.000000
L 219.24365854 34.36859268 219.19528678 34.2718517 2 P 0 ;0,1=0,2=0.000000
L 219.24365854 34.51370542 219.24365854 34.36859268 2 P 0 ;0,1=0,2=0.000000
L 219.24365854 34.90066934 219.19528678 34.80392836 2 P 0 ;0,1=0,2=0.000000
L 219.24365854 34.99741032 219.24365854 34.90066934 2 P 0 ;0,1=0,2=0.000000
L 219.4709987 34.46533366 219.51937046 34.32022346 2 P 0 ;0,1=0,2=0.000000
L 219.4709987 34.56207464 219.4709987 34.46533366 2 P 0 ;0,1=0,2=0.000000
L 219.51937046 34.32022346 219.61611144 34.22348248 2 P 0 ;0,1=0,2=0.000000
L 219.51937046 34.70718738 219.4709987 34.56207464 2 P 0 ;0,1=0,2=0.000000
L 219.61611144 34.22348248 219.71285242 34.17511072 2 P 0 ;0,1=0,2=0.000000
L 219.61611144 34.80392836 219.51937046 34.70718738 2 P 0 ;0,1=0,2=0.000000
L 219.71285242 34.17511072 219.85796262 34.17511072 2 P 0 ;0,1=0,2=0.000000
L 219.71285242 34.85230012 219.61611144 34.80392836 2 P 0 ;0,1=0,2=0.000000
L 219.85796262 34.17511072 219.9547036 34.22348248 2 P 0 ;0,1=0,2=0.000000
L 219.85796262 34.85230012 219.71285242 34.85230012 2 P 0 ;0,1=0,2=0.000000
L 219.9547036 34.22348248 220.05144458 34.32022346 2 P 0 ;0,1=0,2=0.000000
L 219.9547036 34.80392836 219.85796262 34.85230012 2 P 0 ;0,1=0,2=0.000000
L 220.05144458 34.32022346 220.09981634 34.46533366 2 P 0 ;0,1=0,2=0.000000
L 220.05144458 34.70718738 219.9547036 34.80392836 2 P 0 ;0,1=0,2=0.000000
L 220.09981634 34.46533366 220.09981634 34.56207464 2 P 0 ;0,1=0,2=0.000000
L 220.09981634 34.56207464 220.05144458 34.70718738 2 P 0 ;0,1=0,2=0.000000
L 220.32232034 34.85230012 220.66091504 34.85230012 2 P 0 ;0,1=0,2=0.000000
L 220.46743308 34.36859268 220.5158023 34.22348248 2 P 0 ;0,1=0,2=0.000000
L 220.46743308 35.19089228 220.46743308 34.36859268 2 P 0 ;0,1=0,2=0.000000
L 220.5158023 34.22348248 220.61254328 34.17511072 2 P 0 ;0,1=0,2=0.000000
L 220.61254328 34.17511072 220.70928426 34.17511072 2 P 0 ;0,1=0,2=0.000000
L 220.854397 34.85230012 221.1929917 34.85230012 2 P 0 ;0,1=0,2=0.000000
L 220.99950974 34.36859268 221.04787896 34.22348248 2 P 0 ;0,1=0,2=0.000000
L 220.99950974 35.19089228 220.99950974 34.36859268 2 P 0 ;0,1=0,2=0.000000
L 221.04787896 34.22348248 221.14461994 34.17511072 2 P 0 ;0,1=0,2=0.000000
L 221.14461994 34.17511072 221.24136092 34.17511072 2 P 0 ;0,1=0,2=0.000000
L 221.38647366 34.46533366 221.43484542 34.32022346 2 P 0 ;0,1=0,2=0.000000
L 221.38647366 34.56207464 221.38647366 34.46533366 2 P 0 ;0,1=0,2=0.000000
L 221.43484542 34.32022346 221.5315864 34.22348248 2 P 0 ;0,1=0,2=0.000000
L 221.43484542 34.70718738 221.38647366 34.56207464 2 P 0 ;0,1=0,2=0.000000
L 221.5315864 34.22348248 221.62832738 34.17511072 2 P 0 ;0,1=0,2=0.000000
L 221.5315864 34.80392836 221.43484542 34.70718738 2 P 0 ;0,1=0,2=0.000000
L 221.62832738 34.17511072 221.77343758 34.17511072 2 P 0 ;0,1=0,2=0.000000
L 221.62832738 34.85230012 221.5315864 34.80392836 2 P 0 ;0,1=0,2=0.000000
L 221.77343758 34.17511072 221.87017856 34.22348248 2 P 0 ;0,1=0,2=0.000000
L 221.77343758 34.85230012 221.62832738 34.85230012 2 P 0 ;0,1=0,2=0.000000
L 221.87017856 34.22348248 221.96691954 34.32022346 2 P 0 ;0,1=0,2=0.000000
L 221.87017856 34.80392836 221.77343758 34.85230012 2 P 0 ;0,1=0,2=0.000000
L 221.96691954 34.32022346 222.0152913 34.46533366 2 P 0 ;0,1=0,2=0.000000
L 221.96691954 34.70718738 221.87017856 34.80392836 2 P 0 ;0,1=0,2=0.000000
L 222.0152913 34.46533366 222.0152913 34.56207464 2 P 0 ;0,1=0,2=0.000000
L 222.0152913 34.56207464 221.96691954 34.70718738 2 P 0 ;0,1=0,2=0.000000
L 222.2377953 34.65881562 222.38290804 34.80392836 2 P 0 ;0,1=0,2=0.000000
L 222.2377953 34.85230012 222.2377953 34.17511072 2 P 0 ;0,1=0,2=0.000000
L 222.38290804 34.80392836 222.47964902 34.85230012 2 P 0 ;0,1=0,2=0.000000
L 222.47964902 34.85230012 222.62475922 34.85230012 2 P 0 ;0,1=0,2=0.000000
L 222.62475922 34.85230012 222.7215002 34.80392836 2 P 0 ;0,1=0,2=0.000000
L 222.7215002 34.80392836 222.76987196 34.65881562 2 P 0 ;0,1=0,2=0.000000
L 222.76987196 34.65881562 222.76987196 34.17511072 2 P 0 ;0,1=0,2=0.000000
L 222.76987196 34.65881562 222.9149847 34.80392836 2 P 0 ;0,1=0,2=0.000000
L 222.9149847 34.80392836 223.01172568 34.85230012 2 P 0 ;0,1=0,2=0.000000
L 223.01172568 34.85230012 223.15683588 34.85230012 2 P 0 ;0,1=0,2=0.000000
L 223.15683588 34.85230012 223.25357686 34.80392836 2 P 0 ;0,1=0,2=0.000000
L 223.25357686 34.80392836 223.30194862 34.65881562 2 P 0 ;0,1=0,2=0.000000
L 223.30194862 34.65881562 223.30194862 34.17511072 2 P 0 ;0,1=0,2=0.000000
L 227.8814086 33.48929802 227.8814086 35.90229802 1 P 0
P 206.9264086 34.69579548 3 P 0 0
