UNITS=MM
#Layer_Color=9474304
#
#Feature symbol names
#
$0 r127

#
#Feature attribute names
#

#
#Layer features
#
L 22.5269806 16.3800028 24.326977 16.3800028 0 P 0
L 22.5269806 31.6200028 24.326977 31.6200028 0 P 0
L 22.75000022 29.34999972 23.04999962 29.34999972 0 P 0
L 22.75000022 30.15000066 23.04999962 30.15000066 0 P 0
L 22.80000012 17.79999996 23.09999952 17.79999996 0 P 0
L 22.80000012 18.550001 23.09999952 18.550001 0 P 0
L 22.89999992 29.20000002 22.89999992 29.49999942 0 P 0
L 22.89999992 30.00000096 22.89999992 30.30000036 0 P 0
L 22.94999982 17.65000026 22.94999982 17.94999966 0 P 0
L 22.94999982 18.4000013 22.94999982 18.7000007 0 P 0
L 23.4269788 15.4800046 23.4269788 17.280001 0 P 0
L 23.4269788 30.7200046 23.4269788 32.520001 0 P 0
L 23.70000086 17.79999996 24.00000026 17.79999996 0 P 0
L 23.70000086 18.550001 24.00000026 18.550001 0 P 0
L 23.75000076 29.34999972 24.05000016 29.34999972 0 P 0
L 23.75000076 30.15000066 24.05000016 30.15000066 0 P 0
L 23.85000056 17.65000026 23.85000056 17.94999966 0 P 0
L 23.85000056 18.4000013 23.85000056 18.7000007 0 P 0
L 23.90000046 29.20000002 23.90000046 29.49999942 0 P 0
L 23.90000046 30.00000096 23.90000046 30.30000036 0 P 0
L 24.63000154 30.9299991 24.93000094 30.9299991 0 P 0
L 24.64000152 32.32999884 24.94000092 32.32999884 0 P 0
L 24.6500015 15.67999912 24.9500009 15.67999912 0 P 0
L 24.7500013 17.09999882 25.0500007 17.09999882 0 P 0
L 24.78000124 30.7799994 24.78000124 31.0799988 0 P 0
L 24.79000122 32.17999914 24.79000122 32.47999854 0 P 0
L 24.8000012 15.52999942 24.8000012 15.82999882 0 P 0
L 24.900001 16.94999912 24.900001 17.24999852 0 P 0
L 25.51050016 16.38000026 26.42449884 16.38000026 0 P 0
L 25.51050016 31.62000026 26.42449884 31.62000026 0 P 0
L 25.53999972 29.71999898 25.83999912 29.71999898 0 P 0
L 25.55999968 28.9600005 25.85999908 28.9600005 0 P 0
L 25.68999942 29.56999928 25.68999942 29.86999868 0 P 0
L 25.70999938 28.8100008 25.70999938 29.1100002 0 P 0
L 25.9674995 15.92300092 25.9674995 16.8369996 0 P 0
L 25.9674995 31.16300092 25.9674995 32.0769996 0 P 0
L 26.85999962 19.10999988 27.15999902 19.10999988 0 P 0
L 27.00999932 18.96000018 27.00999932 19.25999958 0 P 0
L 27.0699992 32.31999886 27.3699986 32.31999886 0 P 0
L 27.09999914 15.72999902 27.39999854 15.72999902 0 P 0
L 27.1199991 31.26000098 27.4199985 31.26000098 0 P 0
L 27.14999904 26.89999954 27.44999844 26.89999954 0 P 0
L 27.14999904 27.80000028 27.44999844 27.80000028 0 P 0
L 27.2199989 32.16999916 27.2199989 32.46999856 0 P 0
L 27.24999884 15.57999932 27.24999884 15.87999872 0 P 0
L 27.2699988 31.11000128 27.2699988 31.41000068 0 P 0
L 27.2999835 17.1499784 27.5999829 17.1499784 0 P 0
L 27.29999874 26.74999984 27.29999874 27.04999924 0 P 0
L 27.29999874 27.65000058 27.29999874 27.94999998 0 P 0
L 27.4499832 16.9999787 27.4499832 17.2999781 0 P 0
L 27.4499959 19.4999864 27.7499953 19.4999864 0 P 0
L 27.5999956 19.3499867 27.5999956 19.6499861 0 P 0
L 27.8499951 17.69999 28.1499945 17.69999 0 P 0
L 27.90000008 28.97000048 28.19999948 28.97000048 0 P 0
L 27.9999948 17.5499903 27.9999948 17.8499897 0 P 0
L 27.99999988 30.52500118 28.29999928 30.52500118 0 P 0
L 28.0000075 26.2499856 28.3000069 26.2499856 0 P 0
L 28.04999978 28.82000078 28.04999978 29.12000018 0 P 0
L 28.05050016 16.38000026 28.96449884 16.38000026 0 P 0
L 28.05050016 31.62000026 28.96449884 31.62000026 0 P 0
L 28.14999958 30.37500148 28.14999958 30.67500088 0 P 0
L 28.1500072 26.0999859 28.1500072 26.3999853 0 P 0
L 28.21999944 27.93000002 28.51999884 27.93000002 0 P 0
L 28.34999918 26.99999934 28.64999858 26.99999934 0 P 0
L 28.36999914 27.78000032 28.36999914 28.07999972 0 P 0
L 28.49999888 26.84999964 28.49999888 27.14999904 0 P 0
L 28.5074995 15.92300092 28.5074995 16.8369996 0 P 0
L 28.5074995 31.16300092 28.5074995 32.0769996 0 P 0
L 28.54000134 23.31999908 28.84000074 23.31999908 0 P 0
L 28.69000104 23.16999938 28.69000104 23.46999878 0 P 0
L 28.74000094 20.82999898 29.04000034 20.82999898 0 P 0
L 28.7500187 26.2499856 29.0500181 26.2499856 0 P 0
L 28.8249995 29.42500084 29.1249989 29.42500084 0 P 0
L 28.89000064 20.67999928 28.89000064 20.97999868 0 P 0
L 28.9000184 26.0999859 28.9000184 26.3999853 0 P 0
L 28.9749992 29.27500114 28.9749992 29.57500054 0 P 0
L 29.23999994 24.15999994 29.53999934 24.15999994 0 P 0
L 29.24999992 28.29999928 29.54999932 28.29999928 0 P 0
L 29.27999986 18.84000042 29.57999926 18.84000042 0 P 0
L 29.38999964 24.01000024 29.38999964 24.30999964 0 P 0
L 29.39999962 28.14999958 29.39999962 28.44999898 0 P 0
L 29.4099996 20.5699995 29.709999 20.5699995 0 P 0
L 29.42999956 18.69000072 29.42999956 18.99000012 0 P 0
L 29.5599993 20.4199998 29.5599993 20.7199992 0 P 0
L 29.58999924 22.50000072 29.88999864 22.50000072 0 P 0
L 29.6099992 32.3499988 29.9099986 32.3499988 0 P 0
L 29.62999916 15.69999908 29.92999856 15.69999908 0 P 0
L 29.6599991 31.26000098 29.9599985 31.26000098 0 P 0
L 29.73999894 22.35000102 29.73999894 22.65000042 0 P 0
L 29.75000146 27.19999894 30.05000086 27.19999894 0 P 0
L 29.7599989 32.1999991 29.7599989 32.4999985 0 P 0
L 29.77999886 15.54999938 29.77999886 15.84999878 0 P 0
L 29.8099988 31.11000128 29.8099988 31.41000068 0 P 0
L 29.90000116 27.04999924 29.90000116 27.34999864 0 P 0
L 30.35000026 29.39999962 30.64999966 29.39999962 0 P 0
L 30.3500155 24.2999768 30.6500149 24.2999768 0 P 0
L 30.49999996 26.62499882 30.79999936 26.62499882 0 P 0
L 30.49999996 29.24999992 30.49999996 29.54999932 0 P 0
L 30.5000152 24.1499771 30.5000152 24.4499765 0 P 0
L 30.59050016 16.38000026 31.50449884 16.38000026 0 P 0
L 30.59050016 31.62000026 31.50449884 31.62000026 0 P 0
L 30.64999966 26.47499912 30.64999966 26.77499852 0 P 0
L 31.0474995 15.92300092 31.0474995 16.8369996 0 P 0
L 31.0474995 31.16300092 31.0474995 32.0769996 0 P 0
L 31.0500014 28.19999948 31.3500008 28.19999948 0 P 0
L 31.1500012 19.4999991 31.4500006 19.4999991 0 P 0
L 31.1500012 20.10000044 31.4500006 20.10000044 0 P 0
L 31.2000011 28.04999978 31.2000011 28.34999918 0 P 0
L 31.3000009 19.3499994 31.3000009 19.6499988 0 P 0
L 31.3000009 19.95000074 31.3000009 20.25000014 0 P 0
L 31.47499928 27.09999914 31.77499868 27.09999914 0 P 0
L 31.6000003 23.049992 31.8999997 23.049992 0 P 0
L 31.62499898 26.94999944 31.62499898 27.24999884 0 P 0
L 31.72000006 29.34999972 32.01999946 29.34999972 0 P 0
L 31.75 22.8999923 31.75 23.1999917 0 P 0
L 31.7999999 21.27000064 32.0999993 21.27000064 0 P 0
L 31.86999976 29.20000002 31.86999976 29.49999942 0 P 0
L 31.9499996 21.12000094 31.9499996 21.42000034 0 P 0
L 32.1000247 28.5530544 32.4000241 28.5530544 0 P 0
L 32.1499992 15.739999 32.4499986 15.739999 0 P 0
L 32.15999918 32.2999989 32.45999858 32.2999989 0 P 0
L 32.17999914 30.4300001 32.47999854 30.4300001 0 P 0
L 32.21999906 17.01999898 32.51999846 17.01999898 0 P 0
L 32.2500244 28.4030547 32.2500244 28.7030541 0 P 0
L 32.2999989 15.5899993 32.2999989 15.8899987 0 P 0
L 32.30999888 32.1499992 32.30999888 32.4499986 0 P 0
L 32.32999884 30.2800004 32.32999884 30.5799998 0 P 0
L 32.36999876 16.86999928 32.36999876 17.16999868 0 P 0
L 33.13050016 16.38000026 34.04449884 16.38000026 0 P 0
L 33.13050016 31.62000026 34.04449884 31.62000026 0 P 0
L 33.5874995 15.92300092 33.5874995 16.8369996 0 P 0
L 33.5874995 31.16300092 33.5874995 32.0769996 0 P 0
L 33.9000211 28.5530544 34.2000205 28.5530544 0 P 0
L 34.0500208 28.4030547 34.0500208 28.7030541 0 P 0
L 34.71999914 15.70999906 35.01999854 15.70999906 0 P 0
L 34.71999914 32.32999884 35.01999854 32.32999884 0 P 0
L 34.74999908 31.09999876 35.04999848 31.09999876 0 P 0
L 34.86999884 15.55999936 34.86999884 15.85999876 0 P 0
L 34.86999884 32.17999914 34.86999884 32.47999854 0 P 0
L 34.89999878 30.94999906 34.89999878 31.24999846 0 P 0
L 35.05000102 26.89999954 35.35000042 26.89999954 0 P 0
L 35.15000082 23.29999912 35.45000022 23.29999912 0 P 0
L 35.20000072 26.74999984 35.20000072 27.04999924 0 P 0
L 35.25000062 19.27500082 35.55000002 19.27500082 0 P 0
L 35.30000052 23.14999942 35.30000052 23.44999882 0 P 0
L 35.37000038 21.60999996 35.66999978 21.60999996 0 P 0
L 35.40000032 19.12500112 35.40000032 19.42500052 0 P 0
L 35.43000026 22.27000118 35.72999966 22.27000118 0 P 0
L 35.5000179 28.9999928 35.8000173 28.9999928 0 P 0
L 35.52000008 21.46000026 35.52000008 21.75999966 0 P 0
L 35.57999996 22.12000148 35.57999996 22.42000088 0 P 0
L 35.59999992 20.25000014 35.89999932 20.25000014 0 P 0
L 35.6500176 28.8499931 35.6500176 29.1499925 0 P 0
L 35.67050016 16.38000026 36.58449884 16.38000026 0 P 0
L 35.67050016 31.62000026 36.58449884 31.62000026 0 P 0
L 35.74999962 20.10000044 35.74999962 20.39999984 0 P 0
L 35.74999962 27.80000028 36.04999902 27.80000028 0 P 0
L 35.89999932 27.65000058 35.89999932 27.94999998 0 P 0
L 36.02500034 24.59999906 36.32499974 24.59999906 0 P 0
L 36.02500034 25.3000002 36.32499974 25.3000002 0 P 0
L 36.1274995 15.92300092 36.1274995 16.8369996 0 P 0
L 36.1274995 31.16300092 36.1274995 32.0769996 0 P 0
L 36.17500004 24.44999936 36.17500004 24.74999876 0 P 0
L 36.17500004 25.1500005 36.17500004 25.4499999 0 P 0
L 36.25000116 28.9749992 36.55000056 28.9749992 0 P 0
L 36.40000086 28.8249995 36.40000086 29.1249989 0 P 0
L 36.65000036 26.10000114 36.94999976 26.10000114 0 P 0
L 36.71000024 24.35999954 37.00999964 24.35999954 0 P 0
L 36.80000006 25.95000144 36.80000006 26.25000084 0 P 0
L 36.85999994 24.20999984 36.85999994 24.50999924 0 P 0
L 37.25999914 32.32999884 37.55999854 32.32999884 0 P 0
L 37.26999912 15.66999914 37.56999852 15.66999914 0 P 0
L 37.3500015 24.04000018 37.6500009 24.04000018 0 P 0
L 37.3500015 31.09999876 37.6500009 31.09999876 0 P 0
L 37.40999884 32.17999914 37.40999884 32.47999854 0 P 0
L 37.41250074 26.6875006 37.71250014 26.6875006 0 P 0
L 37.41999882 15.51999944 37.41999882 15.81999884 0 P 0
L 37.5000012 23.89000048 37.5000012 24.18999988 0 P 0
L 37.5000012 30.94999906 37.5000012 31.24999846 0 P 0
L 37.56250044 26.5375009 37.56250044 26.8375003 0 P 0
L 37.7000135 25.3500128 38.0000129 25.3500128 0 P 0
L 37.8500132 25.2000131 37.8500132 25.5000125 0 P 0
L 38.1499999 23.9500156 38.4499993 23.9500156 0 P 0
L 38.21050016 16.38000026 39.12449884 16.38000026 0 P 0
L 38.21050016 31.62000026 39.12449884 31.62000026 0 P 0
L 38.2999996 23.8000159 38.2999996 24.1000153 0 P 0
L 38.6674995 15.92300092 38.6674995 16.8369996 0 P 0
L 38.6674995 31.16300092 38.6674995 32.0769996 0 P 0
L 39.00000074 28.8249995 39.30000014 28.8249995 0 P 0
L 39.03000068 26.67 39.33000008 26.67 0 P 0
L 39.15000044 28.6749998 39.15000044 28.9749992 0 P 0
L 39.18000038 26.5200003 39.18000038 26.8199997 0 P 0
L 39.32500136 23.02500094 39.62500076 23.02500094 0 P 0
L 39.47500106 22.87500124 39.47500106 23.17500064 0 P 0
L 39.58999956 18.20999914 39.88999896 18.20999914 0 P 0
L 39.64999944 22.2749999 39.94999884 22.2749999 0 P 0
L 39.73999926 18.05999944 39.73999926 18.35999884 0 P 0
L 39.79999914 22.1250002 39.79999914 22.4249996 0 P 0
L 39.80999912 32.36999876 40.10999852 32.36999876 0 P 0
L 39.8199991 15.6899991 40.1199985 15.6899991 0 P 0
L 39.84999904 16.69999962 40.14999844 16.69999962 0 P 0
L 39.84999904 31.09999876 40.14999844 31.09999876 0 P 0
L 39.95999882 32.21999906 39.95999882 32.51999846 0 P 0
L 39.9699988 15.5399994 39.9699988 15.8399988 0 P 0
L 39.99999874 16.54999992 39.99999874 16.84999932 0 P 0
L 39.99999874 30.94999906 39.99999874 31.24999846 0 P 0
L 40.07499986 21.7750009 40.37499926 21.7750009 0 P 0
L 40.0900011 19.18999972 40.3900005 19.18999972 0 P 0
L 40.22499956 21.6250012 40.22499956 21.9250006 0 P 0
L 40.2400008 19.04000002 40.2400008 19.33999942 0 P 0
L 40.25000078 27.38000112 40.55000018 27.38000112 0 P 0
L 40.37499926 28.54999878 40.67499866 28.54999878 0 P 0
L 40.40000048 27.23000142 40.40000048 27.53000082 0 P 0
L 40.48000032 18.21999912 40.77999972 18.21999912 0 P 0
L 40.52499896 28.39999908 40.52499896 28.69999848 0 P 0
L 40.5750014 22.89999992 40.8750008 22.89999992 0 P 0
L 40.63000002 18.06999942 40.63000002 18.36999882 0 P 0
L 40.7250011 22.75000022 40.7250011 23.04999962 0 P 0
L 40.75050016 16.38000026 41.66449884 16.38000026 0 P 0
L 40.75050016 31.62000026 41.66449884 31.62000026 0 P 0
L 41.0250005 27.85000018 41.3249999 27.85000018 0 P 0
L 41.17000148 26.50000034 41.47000088 26.50000034 0 P 0
L 41.1750002 27.70000048 41.1750002 27.99999988 0 P 0
L 41.2074995 15.92300092 41.2074995 16.8369996 0 P 0
L 41.2074995 31.16300092 41.2074995 32.0769996 0 P 0
L 41.2250001 22.94999982 41.5249995 22.94999982 0 P 0
L 41.32000118 26.35000064 41.32000118 26.65000004 0 P 0
L 41.3749998 22.80000012 41.3749998 23.09999952 0 P 0
L 41.54000074 22.1899988 41.84000014 22.1899988 0 P 0
L 41.69000044 22.0399991 41.69000044 22.3399985 0 P 0
L 42.0099998 29.21 42.3099992 29.21 0 P 0
L 42.1599995 29.0600003 42.1599995 29.3599997 0 P 0
L 42.34999912 16.59999982 42.64999852 16.59999982 0 P 0
L 42.34999912 31.09999876 42.64999852 31.09999876 0 P 0
L 42.34999912 32.36999876 42.64999852 32.36999876 0 P 0
L 42.3599991 15.66999914 42.6599985 15.66999914 0 P 0
L 42.47500014 26.57499892 42.77499954 26.57499892 0 P 0
L 42.49999882 16.45000012 42.49999882 16.74999952 0 P 0
L 42.49999882 30.94999906 42.49999882 31.24999846 0 P 0
L 42.49999882 32.21999906 42.49999882 32.51999846 0 P 0
L 42.5099988 15.51999944 42.5099988 15.81999884 0 P 0
L 42.62499984 26.42499922 42.62499984 26.72499862 0 P 0
L 42.72499964 25.62500082 43.02499904 25.62500082 0 P 0
L 42.80000076 24.02499894 43.10000016 24.02499894 0 P 0
L 42.80508838 23.1599994 43.10508778 23.1599994 0 P 0
L 42.87499934 25.47500112 42.87499934 25.77500052 0 P 0
L 42.92000052 19.0999999 43.21999992 19.0999999 0 P 0
L 42.95000046 23.87499924 42.95000046 24.17499864 0 P 0
L 42.95508808 23.0099997 42.95508808 23.3099991 0 P 0
L 43.07000022 18.9500002 43.07000022 19.2499996 0 P 0
L 43.18999998 28.82000078 43.48999938 28.82000078 0 P 0
L 43.24999986 24.900001 43.54999926 24.900001 0 P 0
L 43.29050016 16.38000026 44.20449884 16.38000026 0 P 0
L 43.29050016 31.62000026 44.20449884 31.62000026 0 P 0
L 43.33999968 28.67000108 43.33999968 28.97000048 0 P 0
L 43.39999956 24.7500013 43.39999956 25.0500007 0 P 0
L 43.4989986 20.4300074 44.4989966 20.4300074 0 P 0
L 43.59999916 19.0999999 43.89999856 19.0999999 0 P 0
L 43.7474995 15.92300092 43.7474995 16.8369996 0 P 0
L 43.7474995 31.16300092 43.7474995 32.0769996 0 P 0
L 43.74999886 18.9500002 43.74999886 19.2499996 0 P 0
L 43.9989976 19.9300084 43.9989976 20.9300064 0 P 0
L 44.5149986 28.0500074 45.5149966 28.0500074 0 P 0
L 44.5999997 19.0999999 44.8999991 19.0999999 0 P 0
L 44.7499994 18.9500002 44.7499994 19.2499996 0 P 0
L 44.8499992 31.09999876 45.1499986 31.09999876 0 P 0
L 44.88999912 15.66999914 45.18999852 15.66999914 0 P 0
L 44.90999908 32.32999884 45.20999848 32.32999884 0 P 0
L 44.95000154 16.69999962 45.25000094 16.69999962 0 P 0
L 44.9999989 30.94999906 44.9999989 31.24999846 0 P 0
L 45.0149976 27.5500084 45.0149976 28.5500064 0 P 0
L 45.03999882 15.51999944 45.03999882 15.81999884 0 P 0
L 45.05999878 32.17999914 45.05999878 32.47999854 0 P 0
L 45.10000124 16.54999992 45.10000124 16.84999932 0 P 0
L 45.5309986 20.4300074 46.5309966 20.4300074 0 P 0
L 45.83050016 16.38000026 46.74449884 16.38000026 0 P 0
L 45.83050016 31.62000026 46.74449884 31.62000026 0 P 0
L 45.94999446 28.90999552 46.24999386 28.90999552 0 P 0
L 46.0309976 19.9300084 46.0309976 20.9300064 0 P 0
L 46.09999416 28.75999582 46.09999416 29.05999522 0 P 0
L 46.19999904 21.28000062 46.49999844 21.28000062 0 P 0
L 46.2400015 28.29999928 46.5400009 28.29999928 0 P 0
L 46.25000148 19.5999989 46.55000088 19.5999989 0 P 0
L 46.2874995 15.92300092 46.2874995 16.8369996 0 P 0
L 46.2874995 31.16300092 46.2874995 32.0769996 0 P 0
L 46.34999874 21.13000092 46.34999874 21.43000032 0 P 0
L 46.3900012 28.14999958 46.3900012 28.44999898 0 P 0
L 46.40000118 19.4499992 46.40000118 19.7499986 0 P 0
L 46.42000114 26.46000042 46.72000054 26.46000042 0 P 0
L 46.57000084 26.31000072 46.57000084 26.61000012 0 P 0
L 46.57618574 25.8287012 46.87618514 25.8287012 0 P 0
L 46.72618544 25.6787015 46.72618544 25.9787009 0 P 0
L 47.01999994 24.39999946 47.31999934 24.39999946 0 P 0
L 47.16999964 24.24999976 47.16999964 24.54999916 0 P 0
L 47.24999948 25.86999906 47.54999888 25.86999906 0 P 0
L 47.32999932 23.66000094 47.62999872 23.66000094 0 P 0
L 47.34999928 16.69999962 47.64999868 16.69999962 0 P 0
L 47.36999924 21.96999924 47.66999864 21.96999924 0 P 0
L 47.3899992 32.31999886 47.6899986 32.31999886 0 P 0
L 47.39999918 25.71999936 47.39999918 26.01999876 0 P 0
L 47.41999914 15.65999916 47.71999854 15.65999916 0 P 0
L 47.4399991 28.67000108 47.7399985 28.67000108 0 P 0
L 47.44999908 31.2000011 47.74999848 31.2000011 0 P 0
L 47.47999902 23.51000124 47.47999902 23.81000064 0 P 0
L 47.49999898 16.54999992 47.49999898 16.84999932 0 P 0
L 47.51999894 21.81999954 47.51999894 22.11999894 0 P 0
L 47.5399989 32.16999916 47.5399989 32.46999856 0 P 0
L 47.56999884 15.50999946 47.56999884 15.80999886 0 P 0
L 47.5899988 28.52000138 47.5899988 28.82000078 0 P 0
L 47.59999878 31.0500014 47.59999878 31.3500008 0 P 0
L 47.84000084 26.75999982 48.14000024 26.75999982 0 P 0
L 47.99000054 26.61000012 47.99000054 26.90999952 0 P 0
L 48.05000042 20.82999898 48.34999982 20.82999898 0 P 0
L 48.20000012 20.67999928 48.20000012 20.97999868 0 P 0
L 48.37050016 16.38000026 49.28449884 16.38000026 0 P 0
L 48.37050016 31.62000026 49.28449884 31.62000026 0 P 0
L 48.39999972 23.23999924 48.69999912 23.23999924 0 P 0
L 48.5499791 29.04998 48.8499785 29.04998 0 P 0
L 48.54999942 23.08999954 48.54999942 23.38999894 0 P 0
L 48.63999924 18.16999922 48.93999864 18.16999922 0 P 0
L 48.6999788 28.8999803 48.6999788 29.1999797 0 P 0
L 48.78999894 18.01999952 48.78999894 18.31999892 0 P 0
L 48.8274995 15.92300092 48.8274995 16.8369996 0 P 0
L 48.8274995 31.16300092 48.8274995 32.0769996 0 P 0
L 48.99000108 21.70999976 49.29000048 21.70999976 0 P 0
L 49.00000106 27.7900003 49.30000046 27.7900003 0 P 0
L 49.14000078 21.56000006 49.14000078 21.85999946 0 P 0
L 49.15000076 27.6400006 49.15000076 27.94 0 P 0
L 49.3500283 23.2999788 49.6500277 23.2999788 0 P 0
L 49.500028 23.1499791 49.500028 23.4499785 0 P 0
L 49.54999996 26.9199995 49.84999936 26.9199995 0 P 0
L 49.54999996 28.85000072 49.84999936 28.85000072 0 P 0
L 49.69999966 26.7699998 49.69999966 27.0699992 0 P 0
L 49.69999966 28.70000102 49.69999966 29.00000042 0 P 0
L 49.94999916 16.69999962 50.24999856 16.69999962 0 P 0
L 49.94999916 31.2000011 50.24999856 31.2000011 0 P 0
L 49.95999914 32.31999886 50.25999854 32.31999886 0 P 0
L 49.96999912 15.65999916 50.26999852 15.65999916 0 P 0
L 50.0500015 20.90999882 50.3500009 20.90999882 0 P 0
L 50.09999886 16.54999992 50.09999886 16.84999932 0 P 0
L 50.09999886 31.0500014 50.09999886 31.3500008 0 P 0
L 50.10999884 32.16999916 50.10999884 32.46999856 0 P 0
L 50.11999882 15.50999946 50.11999882 15.80999886 0 P 0
L 50.1500267 18.349976 50.4500261 18.349976 0 P 0
L 50.2000012 20.75999912 50.2000012 21.05999852 0 P 0
L 50.3000264 18.1999763 50.3000264 18.4999757 0 P 0
L 50.3500009 27.9750012 50.6500003 27.9750012 0 P 0
L 50.3500263 23.2999788 50.6500257 23.2999788 0 P 0
L 50.38000084 29.3099998 50.68000024 29.3099998 0 P 0
L 50.5000006 27.8250015 50.5000006 28.1250009 0 P 0
L 50.500026 23.1499791 50.500026 23.4499785 0 P 0
L 50.53000054 29.1600001 50.53000054 29.4599995 0 P 0
L 50.61000038 26.94999944 50.90999978 26.94999944 0 P 0
L 50.76000008 26.79999974 50.76000008 27.09999914 0 P 0
L 50.91050016 16.38000026 51.82449884 16.38000026 0 P 0
L 50.91050016 31.62000026 51.82449884 31.62000026 0 P 0
L 51.1500247 22.6000056 51.4500241 22.6000056 0 P 0
L 51.3000244 22.4500059 51.3000244 22.7500053 0 P 0
L 51.3674995 15.92300092 51.3674995 16.8369996 0 P 0
L 51.3674995 31.16300092 51.3674995 32.0769996 0 P 0
L 51.7700006 27.10999912 52.07 27.10999912 0 P 0
L 51.88000038 25.97999884 52.17999978 25.97999884 0 P 0
L 51.9200003 26.95999942 51.9200003 27.25999882 0 P 0
L 51.9249787 24.2749832 52.2249781 24.2749832 0 P 0
L 51.9700002 29.34999972 52.2699996 29.34999972 0 P 0
L 52.03000008 25.82999914 52.03000008 26.12999854 0 P 0
L 52.0749784 24.1249835 52.0749784 24.4249829 0 P 0
L 52.1199999 29.20000002 52.1199999 29.49999942 0 P 0
L 52.38999936 16.98999904 52.68999876 16.98999904 0 P 0
L 52.39999934 22.92500114 52.69999874 22.92500114 0 P 0
L 52.4000095 25.3500128 52.7000089 25.3500128 0 P 0
L 52.43999926 15.67999912 52.73999866 15.67999912 0 P 0
L 52.44999924 31.2000011 52.74999864 31.2000011 0 P 0
L 52.53999906 16.83999934 52.53999906 17.13999874 0 P 0
L 52.54999904 22.77500144 52.54999904 23.07500084 0 P 0
L 52.5500092 25.2000131 52.5500092 25.5000125 0 P 0
L 52.56000156 32.32999884 52.86000096 32.32999884 0 P 0
L 52.58999896 15.52999942 52.58999896 15.82999882 0 P 0
L 52.59999894 31.0500014 52.59999894 31.3500008 0 P 0
L 52.66579256 18.72107762 52.96579196 18.72107762 0 P 0
L 52.71000126 32.17999914 52.71000126 32.47999854 0 P 0
L 52.81579226 18.57107792 52.81579226 18.87107732 0 P 0
L 53.10000048 29.05000032 53.39999988 29.05000032 0 P 0
L 53.25000018 28.90000062 53.25000018 29.20000002 0 P 0
L 53.26000016 18.7500006 53.55999956 18.7500006 0 P 0
L 53.40999986 18.6000009 53.40999986 18.9000003 0 P 0
L 53.45050016 16.38000026 54.36449884 16.38000026 0 P 0
L 53.45050016 31.62000026 54.36449884 31.62000026 0 P 0
L 53.9074995 15.92300092 53.9074995 16.8369996 0 P 0
L 53.9074995 31.16300092 53.9074995 32.0769996 0 P 0
L 54.20000082 27.19999894 54.50000022 27.19999894 0 P 0
L 54.35000052 27.04999924 54.35000052 27.34999864 0 P 0
L 54.38000046 26.4200005 54.67999986 26.4200005 0 P 0
L 54.53000016 26.2700008 54.53000016 26.5700002 0 P 0
L 54.74999972 29.05000032 55.04999912 29.05000032 0 P 0
L 54.7500175 19.8000112 55.0500169 19.8000112 0 P 0
L 54.8599995 28.36999914 55.1599989 28.36999914 0 P 0
L 54.87999946 18.79000052 55.17999886 18.79000052 0 P 0
L 54.89999942 28.90000062 54.89999942 29.20000002 0 P 0
L 54.9000172 19.6500115 54.9000172 19.9500109 0 P 0
L 54.94999932 32.27999894 55.24999872 32.27999894 0 P 0
L 55.0099992 28.21999944 55.0099992 28.51999884 0 P 0
L 55.02999916 18.64000082 55.02999916 18.94000022 0 P 0
L 55.03999914 23.90000046 55.33999854 23.90000046 0 P 0
L 55.04999912 15.69999908 55.34999852 15.69999908 0 P 0
L 55.04999912 31.2000011 55.34999852 31.2000011 0 P 0
L 55.09999902 32.12999924 55.09999902 32.42999864 0 P 0
L 55.1300015 23.1099995 55.4300009 23.1099995 0 P 0
L 55.18999884 23.75000076 55.18999884 24.05000016 0 P 0
L 55.19999882 15.54999938 55.19999882 15.84999878 0 P 0
L 55.19999882 31.0500014 55.19999882 31.3500008 0 P 0
L 55.2800012 22.9599998 55.2800012 23.2599992 0 P 0
L 55.3300011 27.91000006 55.6300005 27.91000006 0 P 0
L 55.40000096 29.05000032 55.70000036 29.05000032 0 P 0
L 55.4800008 27.76000036 55.4800008 28.05999976 0 P 0
L 55.55000066 28.90000062 55.55000066 29.20000002 0 P 0
L 55.62499924 19.70000124 55.92499864 19.70000124 0 P 0
L 55.77499894 19.55000154 55.77499894 19.85000094 0 P 0
L 55.99050016 16.38000026 56.90449884 16.38000026 0 P 0
L 55.99050016 31.62000026 56.90449884 31.62000026 0 P 0
L 56.4474995 15.92300092 56.4474995 16.8369996 0 P 0
L 56.4474995 31.16300092 56.4474995 32.0769996 0 P 0
L 56.77499948 21.99999918 57.07499888 21.99999918 0 P 0
L 56.8000007 23.82499934 57.1000001 23.82499934 0 P 0
L 56.81000068 26.15000104 57.11000008 26.15000104 0 P 0
L 56.81000068 26.82999968 57.11000008 26.82999968 0 P 0
L 56.8499879 20.4999844 57.1499873 20.4999844 0 P 0
L 56.8499879 22.69998 57.1499873 22.69998 0 P 0
L 56.92499918 21.84999948 56.92499918 22.14999888 0 P 0
L 56.9500004 23.67499964 56.9500004 23.97499904 0 P 0
L 56.96000038 26.00000134 56.96000038 26.30000074 0 P 0
L 56.96000038 26.67999998 56.96000038 26.97999938 0 P 0
L 56.9999876 20.3499847 56.9999876 20.6499841 0 P 0
L 56.9999876 22.5499803 56.9999876 22.8499797 0 P 0
L 57.0500002 29.00000042 57.3499996 29.00000042 0 P 0
L 57.17999994 18.4500012 57.47999934 18.4500012 0 P 0
L 57.1999999 28.85000072 57.1999999 29.15000012 0 P 0
L 57.32999964 18.3000015 57.32999964 18.6000009 0 P 0
L 57.57999914 32.27999894 57.87999854 32.27999894 0 P 0
L 57.72999884 32.12999924 57.72999884 32.42999864 0 P 0
L 57.75000134 15.79999888 58.05000074 15.79999888 0 P 0
L 57.90000104 15.64999918 57.90000104 15.94999858 0 P 0
L 57.92499972 18.4500012 58.22499912 18.4500012 0 P 0
L 58.07499942 18.3000015 58.07499942 18.6000009 0 P 0
L 58.3000231 28.9999928 58.6000225 28.9999928 0 P 0
L 58.4500228 28.8499931 58.4500228 29.1499925 0 P 0
L 58.53050016 16.38000026 59.44449884 16.38000026 0 P 0
L 58.53050016 31.62000026 59.44449884 31.62000026 0 P 0
L 58.6499843 18.699988 58.9499837 18.699988 0 P 0
L 58.799984 18.5499883 58.799984 18.8499877 0 P 0
L 58.9874995 15.92300092 58.9874995 16.8369996 0 P 0
L 58.9874995 31.16300092 58.9874995 32.0769996 0 P 0
L 59.25000088 28.9999928 59.55000028 28.9999928 0 P 0
L 59.40000058 28.8499931 59.40000058 29.1499925 0 P 0
L 59.45000048 25.7499993 59.74999988 25.7499993 0 P 0
L 59.60000018 25.5999996 59.60000018 25.899999 0 P 0
L 59.66000006 21.8399995 59.95999946 21.8399995 0 P 0
L 59.7500075 18.699988 60.0500069 18.699988 0 P 0
L 59.80999976 21.6899998 59.80999976 21.9899992 0 P 0
L 59.9000072 18.5499883 59.9000072 18.8499877 0 P 0
L 59.9999943 21.2000084 60.2999937 21.2000084 0 P 0
L 59.99999938 26.27499952 60.29999878 26.27499952 0 P 0
L 60.01999934 16.62999976 60.31999874 16.62999976 0 P 0
L 60.04999928 15.69999908 60.34999868 15.69999908 0 P 0
L 60.149994 21.0500087 60.149994 21.3500081 0 P 0
L 60.14999908 26.12499982 60.14999908 26.42499922 0 P 0
L 60.14999908 32.2999989 60.44999848 32.2999989 0 P 0
L 60.16999904 16.48000006 60.16999904 16.77999946 0 P 0
L 60.19999898 15.54999938 60.19999898 15.84999878 0 P 0
L 60.29999878 32.1499992 60.29999878 32.4499986 0 P 0
L 60.7100005 22.27000118 61.0099999 22.27000118 0 P 0
L 60.8499799 18.699988 61.1499793 18.699988 0 P 0
L 60.8600002 22.12000148 60.8600002 22.42000088 0 P 0
L 60.9999796 18.5499883 60.9999796 18.8499877 0 P 0
L 61.07050016 16.38000026 61.98449884 16.38000026 0 P 0
L 61.07050016 31.62000026 61.98449884 31.62000026 0 P 0
L 61.1099997 24.86000108 61.4099991 24.86000108 0 P 0
L 61.11999968 24.04000018 61.41999908 24.04000018 0 P 0
L 61.2599994 24.71000138 61.2599994 25.01000078 0 P 0
L 61.26999938 23.89000048 61.26999938 24.18999988 0 P 0
L 61.27999936 23.3099991 61.57999876 23.3099991 0 P 0
L 61.3599992 22.34000104 61.6599986 22.34000104 0 P 0
L 61.42999906 23.1599994 61.42999906 23.4599988 0 P 0
L 61.5099989 22.19000134 61.5099989 22.49000074 0 P 0
L 61.5274995 15.92300092 61.5274995 16.8369996 0 P 0
L 61.5274995 31.16300092 61.5274995 32.0769996 0 P 0
L 61.9500031 18.699988 62.2500025 18.699988 0 P 0
L 61.9500031 25.3000256 62.2500025 25.3000256 0 P 0
L 62.00000046 28.90647 62.29999986 28.90647 0 P 0
L 62.04000038 22.43000086 62.33999978 22.43000086 0 P 0
L 62.1000028 18.5499883 62.1000028 18.8499877 0 P 0
L 62.1000028 25.1500259 62.1000028 25.4500253 0 P 0
L 62.15000016 28.7564703 62.15000016 29.0564697 0 P 0
L 62.19000008 22.28000116 62.19000008 22.58000056 0 P 0
L 62.52500068 29.85000126 62.82500008 29.85000126 0 P 0
L 62.54999936 32.1999991 62.84999876 32.1999991 0 P 0
L 62.57500058 16.82500064 62.87499998 16.82500064 0 P 0
L 62.59999926 15.66999914 62.89999866 15.66999914 0 P 0
L 62.67500038 29.70000156 62.67500038 30.00000096 0 P 0
L 62.69999906 32.0499994 62.69999906 32.3499988 0 P 0
L 62.72500028 16.67500094 62.72500028 16.97500034 0 P 0
L 62.74999896 15.51999944 62.74999896 15.81999884 0 P 0
L 62.9000139 25.3000256 63.2000133 25.3000256 0 P 0
L 62.92000116 22.57000058 63.22000056 22.57000058 0 P 0
L 63.0500009 18.7000007 63.3500003 18.7000007 0 P 0
L 63.0500136 25.1500259 63.0500136 25.4500253 0 P 0
L 63.07000086 22.42000088 63.07000086 22.72000028 0 P 0
L 63.1000008 28.8933128 63.4000002 28.8933128 0 P 0
L 63.1679966 16.3800028 64.967993 16.3800028 0 P 0
L 63.1679966 31.6200028 64.967993 31.6200028 0 P 0
L 63.2000006 18.550001 63.2000006 18.8500004 0 P 0
L 63.2500005 28.7433131 63.2500005 29.0433125 0 P 0
L 63.5 22.25000122 63.7999994 22.25000122 0 P 0
L 63.56999986 24.99000082 63.86999926 24.99000082 0 P 0
L 63.6499997 22.10000152 63.6499997 22.40000092 0 P 0
L 63.71999956 24.84000112 63.71999956 25.14000052 0 P 0
L 63.7999994 29.85000126 64.0999988 29.85000126 0 P 0
L 63.9499991 29.70000156 63.9499991 30.00000096 0 P 0
L 64.0679948 15.4800046 64.0679948 17.280001 0 P 0
L 64.0679948 30.7200046 64.0679948 32.520001 0 P 0
L 64.1499987 18.699988 64.4499981 18.699988 0 P 0
L 64.1499987 22.25000122 64.4499981 22.25000122 0 P 0
L 64.1700012 17.9799996 64.4700006 17.9799996 0 P 0
L 64.20000114 28.8933128 64.50000054 28.8933128 0 P 0
L 64.2999984 18.5499883 64.2999984 18.8499877 0 P 0
L 64.2999984 22.10000152 64.2999984 22.40000092 0 P 0
L 64.3200009 17.8299999 64.3200009 18.1299993 0 P 0
L 64.35000084 28.7433131 64.35000084 29.0433125 0 P 0
L 64.57499912 29.47500074 64.87499852 29.47500074 0 P 0
L 64.61000032 25.31000018 64.90999972 25.31000018 0 P 0
L 64.72499882 29.32500104 64.72499882 29.62500044 0 P 0
L 64.76000002 25.16000048 64.76000002 25.45999988 0 P 0
L 64.78999996 17.75000006 65.08999936 17.75000006 0 P 0
L 64.79999994 22.25000122 65.09999934 22.25000122 0 P 0
L 64.93999966 17.60000036 64.93999966 17.89999976 0 P 0
L 64.94999964 22.10000152 64.94999964 22.40000092 0 P 0
L 64.94999964 30.59999976 65.24999904 30.59999976 0 P 0
L 65.0699994 32.31999886 65.3699988 32.31999886 0 P 0
L 65.09999934 30.45000006 65.09999934 30.74999946 0 P 0
L 65.2199991 32.16999916 65.2199991 32.46999856 0 P 0
L 65.2500219 18.699988 65.5500213 18.699988 0 P 0
L 65.27500026 25.3000002 65.57499966 25.3000002 0 P 0
L 65.35000138 28.90000062 65.65000078 28.90000062 0 P 0
L 65.4000216 18.5499883 65.4000216 18.8499877 0 P 0
L 65.41000126 16.99999902 65.71000066 16.99999902 0 P 0
L 65.42499996 25.1500005 65.42499996 25.4499999 0 P 0
L 65.43000122 22.4600008 65.73000062 22.4600008 0 P 0
L 65.50000108 28.75000092 65.50000108 29.05000032 0 P 0
L 65.56000096 16.84999932 65.56000096 17.14999872 0 P 0
L 65.57000094 15.69999908 65.87000034 15.69999908 0 P 0
L 65.58000092 22.3100011 65.58000092 22.6100005 0 P 0
L 65.72000064 15.54999938 65.72000064 15.84999878 0 P 0
L 65.75000058 16.44000014 66.04999998 16.44000014 0 P 0
L 65.77000054 18.23999908 66.06999994 18.23999908 0 P 0
L 65.90000028 16.29000044 65.90000028 16.58999984 0 P 0
L 65.92000024 18.08999938 65.92000024 18.38999878 0 P 0
L 66.04999998 29.79999882 66.34999938 29.79999882 0 P 0
L 66.07999992 22.30000112 66.37999932 22.30000112 0 P 0
L 66.19999968 29.64999912 66.19999968 29.94999852 0 P 0
L 66.22999962 22.15000142 66.22999962 22.45000082 0 P 0
L 66.32999942 29.05000032 66.62999882 29.05000032 0 P 0
L 66.34999938 18.73000064 66.64999878 18.73000064 0 P 0
L 66.47999912 28.90000062 66.47999912 29.20000002 0 P 0
L 66.49999908 18.58000094 66.49999908 18.88000034 0 P 0
L 66.7499935 25.2499876 67.0499929 25.2499876 0 P 0
L 66.8999932 25.0999879 66.8999932 25.3999873 0 P 0
L 67.20000022 18.19999916 67.49999962 18.19999916 0 P 0
L 67.34999992 18.04999946 67.34999992 18.34999886 0 P 0
L 68.1999779 19.400012 68.4999773 19.400012 0 P 0
L 68.3499776 19.2500123 68.3499776 19.5500117 0 P 0
L 68.58999998 18.67000076 68.88999938 18.67000076 0 P 0
L 68.73999968 18.52000106 68.73999968 18.82000046 0 P 0
L 68.84999946 29.69999902 69.14999886 29.69999902 0 P 0
L 68.93999928 15.65999916 69.23999868 15.65999916 0 P 0
L 68.99999916 29.54999932 68.99999916 29.84999872 0 P 0
L 69.08999898 15.50999946 69.08999898 15.80999886 0 P 0
L 69.2500139 28.9000184 69.5500133 28.9000184 0 P 0
L 69.3000011 18.699988 69.6000005 18.699988 0 P 0
L 69.4000136 28.7500187 69.4000136 29.0500181 0 P 0
L 69.4500008 18.5499883 69.4500008 18.8499877 0 P 0
L 69.7000003 28.2499816 69.9999997 28.2499816 0 P 0
L 69.7499875 19.400012 70.0499869 19.400012 0 P 0
L 69.81000008 32.26999896 70.10999948 32.26999896 0 P 0
L 69.85 28.0999819 69.85 28.3999813 0 P 0
L 69.8999872 19.2500123 69.8999872 19.5500117 0 P 0
L 69.95999978 32.11999926 69.95999978 32.41999866 0 P 0
L 70.2999991 15.6500068 70.5999985 15.6500068 0 P 0
L 70.35000154 30.99999896 70.65000094 30.99999896 0 P 0
L 70.4499988 15.5000071 70.4499988 15.8000065 0 P 0
L 70.45000134 29.79999882 70.75000074 29.79999882 0 P 0
L 70.4500115 18.699988 70.7500109 18.699988 0 P 0
L 70.4500115 28.9000184 70.7500109 28.9000184 0 P 0
L 70.50000124 30.84999926 70.50000124 31.14999866 0 P 0
L 70.60000104 29.64999912 70.60000104 29.94999852 0 P 0
L 70.6000112 18.5499883 70.6000112 18.8499877 0 P 0
L 70.6000112 28.7500187 70.6000112 29.0500181 0 P 0
L 70.65000094 32.2999989 70.95000034 32.2999989 0 P 0
L 70.80000064 32.1499992 70.80000064 32.4499986 0 P 0
