UNITS=MM
#Layer_Color=9474304
#
#Feature symbol names
#
$0 r127

#
#Feature attribute names
#

#
#Layer features
#
L 14.50489352 29.05457486 14.75889352 29.05457486 0 P 0
L 14.63189352 28.92757486 14.63189352 29.18157486 0 P 0
L 14.71952352 31.3526678 14.97352352 31.3526678 0 P 0
L 14.84652352 31.2256678 14.84652352 31.4796678 0 P 0
L 17.63584738 37.39225948 17.88984738 37.39225948 0 P 0
L 17.76284738 37.26525948 17.76284738 37.51925948 0 P 0
L 18.05863038 37.89677206 18.31263038 37.89677206 0 P 0
L 18.18563038 37.76977206 18.18563038 38.02377206 0 P 0
L 18.21297856 36.36576166 18.46697856 36.36576166 0 P 0
L 18.33997856 36.23876166 18.33997856 36.49276166 0 P 0
L 18.71543882 37.8572268 18.96943882 37.8572268 0 P 0
L 18.84243882 37.7302268 18.84243882 37.9842268 0 P 0
L 19.23127726 38.26946372 19.48527726 38.26946372 0 P 0
L 19.27261322 31.63423188 19.52661322 31.63423188 0 P 0
L 19.30682956 30.37494814 19.56082956 30.37494814 0 P 0
L 19.35827726 38.14246372 19.35827726 38.39646372 0 P 0
L 19.39961322 31.50723188 19.39961322 31.76123188 0 P 0
L 19.43382956 30.24794814 19.43382956 30.50194814 0 P 0
L 19.62399682 27.7849965 19.87799682 27.7849965 0 P 0
L 19.71095118 37.81904552 19.96495118 37.81904552 0 P 0
L 19.75099682 27.6579965 19.75099682 27.9119965 0 P 0
L 19.75822566 30.86998144 20.01222566 30.86998144 0 P 0
L 19.83795118 37.69204552 19.83795118 37.94604552 0 P 0
L 19.88522566 30.74298144 19.88522566 30.99698144 0 P 0
L 20.15320074 29.40424904 20.40720074 29.40424904 0 P 0
L 20.28020074 29.27724904 20.28020074 29.53124904 0 P 0
L 20.36780026 37.85796086 20.62180026 37.85796086 0 P 0
L 20.49480026 37.73096086 20.49480026 37.98496086 0 P 0
L 20.60529788 28.00100064 20.85929788 28.00100064 0 P 0
L 20.64800036 30.4203989 20.90200036 30.4203989 0 P 0
L 20.6613506 31.97234144 20.9153506 31.97234144 0 P 0
L 20.73229788 27.87400064 20.73229788 28.12800064 0 P 0
L 20.77500036 30.2933989 20.77500036 30.5473989 0 P 0
L 20.7883506 31.84534144 20.7883506 32.09934144 0 P 0
L 21.08959968 33.1571854 21.34359968 33.1571854 0 P 0
L 21.1415503 36.69767616 21.3955503 36.69767616 0 P 0
L 21.21659968 33.0301854 21.21659968 33.2841854 0 P 0
L 21.2685503 36.57067616 21.2685503 36.82467616 0 P 0
L 21.3563454 29.0222559 21.6103454 29.0222559 0 P 0
L 21.4833454 28.8952559 21.4833454 29.1492559 0 P 0
L 21.83059896 33.92150442 22.08459896 33.92150442 0 P 0
L 21.87300172 29.4704008 22.12700172 29.4704008 0 P 0
L 21.95231576 30.66725642 22.20631576 30.66725642 0 P 0
L 21.95759896 33.79450442 21.95759896 34.04850442 0 P 0
L 22.00000172 29.3434008 22.00000172 29.5974008 0 P 0
L 22.04860462 28.12439384 22.30260462 28.12439384 0 P 0
L 22.07931576 30.54025642 22.07931576 30.79425642 0 P 0
L 22.17560462 27.99739384 22.17560462 28.25139384 0 P 0
L 22.28862446 33.18177514 22.54262446 33.18177514 0 P 0
L 22.41562446 33.05477514 22.41562446 33.30877514 0 P 0
L 22.52212158 29.57812728 22.77612158 29.57812728 0 P 0
L 22.54516954 28.75124298 22.79916954 28.75124298 0 P 0
L 22.58798632 26.73979158 22.84198632 26.73979158 0 P 0
L 22.64912158 29.45112728 22.64912158 29.70512728 0 P 0
L 22.67216954 28.62424298 22.67216954 28.87824298 0 P 0
L 22.71498632 26.61279158 22.71498632 26.86679158 0 P 0
L 22.72739676 24.50573712 22.98139676 24.50573712 0 P 0
L 22.75981732 26.10462394 23.01381732 26.10462394 0 P 0
L 22.85439676 24.37873712 22.85439676 24.63273712 0 P 0
L 22.88681732 25.97762394 22.88681732 26.23162394 0 P 0
L 23.14094432 32.46854822 23.39494432 32.46854822 0 P 0
L 23.19494472 29.82962284 23.44894472 29.82962284 0 P 0
L 23.2090849 37.09999946 23.4630849 37.09999946 0 P 0
L 23.26794432 32.34154822 23.26794432 32.59554822 0 P 0
L 23.32194472 29.70262284 23.32194472 29.95662284 0 P 0
L 23.3360849 36.97299946 23.3360849 37.22699946 0 P 0
L 23.3817414 24.57500038 23.6357414 24.57500038 0 P 0
L 23.5087414 24.44800038 23.5087414 24.70200038 0 P 0
L 23.52300096 27.77999778 23.77700096 27.77999778 0 P 0
L 23.52300096 28.42999902 23.77700096 28.42999902 0 P 0
L 23.65000096 27.65299778 23.65000096 27.90699778 0 P 0
L 23.65000096 28.30299902 23.65000096 28.55699902 0 P 0
L 23.79916754 26.35708724 24.05316754 26.35708724 0 P 0
L 23.80918784 30.12184476 24.06318784 30.12184476 0 P 0
L 23.92616754 26.23008724 23.92616754 26.48408724 0 P 0
L 23.93618784 29.99484476 23.93618784 30.24884476 0 P 0
L 23.9587786 24.8912126 24.2127786 24.8912126 0 P 0
L 24.0857786 24.7642126 24.0857786 25.0182126 0 P 0
L 24.22418828 32.37192916 24.47818828 32.37192916 0 P 0
L 24.31470372 33.25201884 24.56870372 33.25201884 0 P 0
L 24.35118828 32.24492916 24.35118828 32.49892916 0 P 0
L 24.44170372 33.12501884 24.44170372 33.37901884 0 P 0
L 24.52148004 29.26040376 24.77548004 29.26040376 0 P 0
L 24.5493794 30.89581832 24.8033794 30.89581832 0 P 0
L 24.64848004 29.13340376 24.64848004 29.38740376 0 P 0
L 24.6763794 30.76881832 24.6763794 31.02281832 0 P 0
L 25.1365258 26.988389 25.3905258 26.988389 0 P 0
L 25.2635258 26.861389 25.2635258 27.115389 0 P 0
L 25.36247404 31.3248675 25.61647404 31.3248675 0 P 0
L 25.42693162 31.98000208 25.68093162 31.98000208 0 P 0
L 25.48947404 31.1978675 25.48947404 31.4518675 0 P 0
L 25.55393162 31.85300208 25.55393162 32.10700208 0 P 0
L 26.32094304 31.03914798 26.57494304 31.03914798 0 P 0
L 26.44794304 30.91214798 26.44794304 31.16614798 0 P 0
