UNITS=MM
#Layer_Color=32768
#
#Feature symbol names
#
$0 r49.9999
$1 r99.9998
$2 r63.5
$3 r5.00126
$4 r49.9872
$5 r127
$6 r50.8
$7 r9.99998
$8 r199.9996
$9 rect4826x2413

#
#Feature attribute names
#
@0 .nomenclature
@1 .string
@2 .string_angle

#
#Feature attribute text strings
#
&0 Courtyard Top

#
#Layer features
#
A 40.7162 38.82600058 41.3512 38.19100058 41.3512 38.82600058 0 P 0 N
A 41.3512 42.00100058 40.7162 41.36600058 41.3512 41.36600058 0 P 0 N
A 48.3362 38.19100058 48.7172 38.31800058 48.3362 38.82600058 0 P 0 N
A 48.7172 41.87400058 48.3362 42.00100058 48.3362 41.36600058 0 P 0 N
A 50.6222 39.58800058 50.6222 40.60400058 50.2412 40.09600058 0 P 0 N
L 0.04100068 7.89100022 0.04100068 16.01900022 0 P 0
L 0.04100068 7.89100022 9.43900068 7.89100022 0 P 0
L 0.04100068 16.01900022 9.43900068 16.01900022 0 P 0
L 0.0410591 24.50500052 0.0410591 34.10500164 0 P 0
L 0.0410591 24.50500052 6.61505916 24.50500052 0 P 0
L 0.0410591 34.1049991 6.61505916 34.10450126 0 P 0
L 0.1778 18.1356 0.1778 23.4696 6 P 0
L 0.1778 18.1356 2.9718 18.1356 6 P 0
L 0.1778 23.4696 2.9718 23.4696 6 P 0
L 0.2999994 36.68279938 0.2999994 43.68280062 0 P 0
L 0.2999994 36.68279938 6.90000144 36.68279938 0 P 0
L 0.2999994 43.68280062 6.90000144 43.68280062 0 P 0
L 1.31455922 24.22500108 1.31455922 34.38500108 1 P 0
L 2.26455986 29.30500108 3.26455786 29.30500108 1 P 0
L 2.29281736 34.79999898 2.29281736 36.40000086 0 P 0
L 2.29281736 34.79999898 3.0928183 34.79999898 0 P 0
L 2.29281736 36.40000086 3.0928183 36.40000086 0 P 0
L 2.3928197 35.59999992 2.9928185 35.59999992 0 P 0
L 2.4940006 48.133 3.0939994 48.133 0 P 0
L 2.6928191 35.30000052 2.6928191 35.89999932 0 P 0
L 2.76455886 28.80500208 2.76455886 29.80500008 1 P 0
L 2.794 47.8330006 2.794 48.4329994 0 P 0
L 2.9718 18.1356 2.9718 23.4696 6 P 0
L 3.0928183 34.79999898 3.0928183 36.40000086 0 P 0
L 3.19999868 34.79999898 3.19999868 36.40000086 0 P 0
L 3.19999868 34.79999898 3.99999962 34.79999898 0 P 0
L 3.19999868 36.40000086 3.99999962 36.40000086 0 P 0
L 3.30000102 35.59999992 3.89999982 35.59999992 0 P 0
L 3.30000356 40.1828 3.89999728 40.1828 0 P 0
L 3.60000042 35.30000052 3.60000042 35.89999932 0 P 0
L 3.60000042 39.88280314 3.60000042 40.48279686 0 P 0
L 3.99999962 34.79999898 3.99999962 36.40000086 0 P 0
L 4.608322 34.79999898 4.608322 36.40000086 0 P 0
L 4.608322 34.79999898 5.40832294 34.79999898 0 P 0
L 4.608322 36.40000086 5.40832294 36.40000086 0 P 0
L 4.70832688 35.59999992 5.3083206 35.59999992 0 P 0
L 5.00832374 35.30000306 5.00832374 35.89999678 0 P 0
L 5.02320052 18.78439982 5.02320052 19.41939982 0 P 0
L 5.02320052 18.78439982 7.15680052 18.78439982 0 P 0
L 5.02320052 19.41939982 5.02320052 20.13059982 0 P 0
L 5.02320052 20.13059982 5.02320052 20.76559982 0 P 0
L 5.02320052 20.76559982 7.15680052 20.76559982 0 P 0
L 5.04199906 43.97899764 5.04199906 44.77899858 0 P 0
L 5.04199906 43.97899764 6.64200094 43.97899764 0 P 0
L 5.04199906 44.77899858 6.64200094 44.77899858 0 P 0
L 5.07275846 21.91469074 5.07275846 22.54969074 0 P 0
L 5.07275846 21.91469074 7.20635846 21.91469074 0 P 0
L 5.07275846 22.54969074 5.07275846 23.26089074 0 P 0
L 5.07275846 23.26089074 5.07275846 23.89589074 0 P 0
L 5.07275846 23.89589074 7.20635846 23.89589074 0 P 0
L 5.33999948 17.92500098 5.33999948 18.72499938 0 P 0
L 5.33999948 17.92500098 6.79000166 17.92500098 0 P 0
L 5.33999948 18.72499938 6.79000166 18.72499938 0 P 0
L 5.37500068 45.17499982 5.37500068 47.5750001 0 P 0
L 5.37500068 45.17499982 6.57499828 45.17499982 0 P 0
L 5.37500068 47.5750001 6.57499828 47.5750001 0 P 0
L 5.40832294 34.79999898 5.40832294 36.40000086 0 P 0
L 5.49999662 46.37499996 6.45000234 46.37499996 0 P 0
L 5.5420006 44.37899938 6.1419994 44.37899938 0 P 0
L 5.74000122 19.77499982 6.43999982 19.77499982 0 P 0
L 5.78955916 22.90529074 6.48955776 22.90529074 0 P 0
L 5.79000112 18.32500018 6.41500114 18.32500018 0 P 0
L 5.842 44.07899998 5.842 44.67899878 0 P 0
L 5.97499948 45.8999971 5.97499948 46.85000282 0 P 0
L 6.09000052 18.00004274 6.09000052 18.60004154 0 P 0
L 6.09000052 19.42500052 6.09000052 20.12499912 0 P 0
L 6.13955846 22.55529144 6.13955846 23.25529004 0 P 0
L 6.17599984 0.76399898 6.17599984 7.36400102 0 P 0
L 6.17599984 0.76399898 16.17600016 0.76399898 0 P 0
L 6.17599984 7.36400102 16.17600016 7.36400102 0 P 0
L 6.57499828 45.17499982 6.57499828 47.5750001 0 P 0
L 6.61505916 24.50500052 6.61505916 34.10500164 0 P 0
L 6.64200094 43.97899764 6.64200094 44.77899858 0 P 0
L 6.79000166 17.92500098 6.79000166 18.72499938 0 P 0
L 6.80006006 26.86200114 6.80006006 28.46200302 0 P 0
L 6.80006006 26.86200114 7.60005846 26.86200114 0 P 0
L 6.80006006 28.46200302 7.60005846 28.46200302 0 P 0
L 6.85165762 32.7724008 6.85165762 33.5723992 0 P 0
L 6.85165762 32.7724008 8.4516595 32.7724008 0 P 0
L 6.85165762 33.5723992 8.4516595 33.5723992 0 P 0
L 6.90000144 36.68279938 6.90000144 43.68280062 0 P 0
L 6.90005986 27.66200208 7.50005866 27.66200208 0 P 0
L 7.112 49.149 7.112 54.991 0 P 0
L 7.112 49.149 33.02 49.149 0 P 0
L 7.112 54.991 33.02 54.991 0 P 0
L 7.15680052 18.78439982 7.15680052 20.76559982 0 P 0
L 7.17499962 22.2899986 7.17499962 23.81000064 0 P 0
L 7.17499962 22.2899986 7.97499802 22.2899986 0 P 0
L 7.17499962 23.81000064 7.97499802 23.81000064 0 P 0
L 7.17506058 19.05199898 7.17506058 20.57200102 0 P 0
L 7.17506058 19.05199898 7.97505898 19.05199898 0 P 0
L 7.17506058 20.57200102 7.97505898 20.57200102 0 P 0
L 7.20005926 27.36200014 7.20005926 27.96200148 0 P 0
L 7.20635846 21.91469074 7.20635846 23.89589074 0 P 0
L 7.23625934 30.11540078 7.23625934 32.16539922 0 P 0
L 7.23625934 30.11540078 9.28625778 30.11540078 0 P 0
L 7.23625934 32.16539922 9.28625778 32.16539922 0 P 0
L 7.27499942 23.04999962 7.87499822 23.04999962 0 P 0
L 7.27506038 19.812 7.87505918 19.812 0 P 0
L 7.35165662 33.1724 7.95165796 33.1724 0 P 0
L 7.36599238 39.10999036 7.36599238 44.70998932 1 P 0
L 7.36599238 39.10999036 40.38599746 39.10999036 1 P 0
L 7.36599238 44.70998932 40.38599746 44.70998932 1 P 0
L 7.50885976 33.67419986 7.50885976 36.07420014 0 P 0
L 7.50885976 33.67419986 8.70885736 33.67419986 0 P 0
L 7.50885976 36.07420014 8.70885736 36.07420014 0 P 0
L 7.57499882 22.74999768 7.57499882 23.34999902 0 P 0
L 7.57505978 19.51199806 7.57505978 20.1119994 0 P 0
L 7.60005846 26.86200114 7.60005846 28.46200302 0 P 0
L 7.62299974 38.09248922 7.62299974 38.89249016 0 P 0
L 7.62299974 38.09248922 9.22300162 38.09248922 0 P 0
L 7.62299974 38.89249016 9.22300162 38.89249016 0 P 0
L 7.63386078 34.8742 8.58385888 34.8742 0 P 0
L 7.65165856 32.8724006 7.65165856 33.4723994 0 P 0
L 7.68906006 26.86200114 7.68906006 28.46200302 0 P 0
L 7.68906006 26.86200114 8.489061 26.86200114 0 P 0
L 7.68906006 28.46200302 8.489061 28.46200302 0 P 0
L 7.76125448 31.1404 8.76125502 31.1404 1 P 0
L 7.78905986 27.66200208 8.38905866 27.66200208 1 P 0
L 7.97499802 22.2899986 7.97499802 23.81000064 0 P 0
L 7.97505898 19.05199898 7.97505898 20.57200102 0 P 0
L 8.01467536 17.77500128 8.01467536 20.77500036 0 P 0
L 8.01467536 17.77500128 12.21467712 17.77500128 0 P 0
L 8.01467536 20.77500036 12.21467712 20.77500036 0 P 0
L 8.01467536 20.9052922 8.01467536 23.90529128 0 P 0
L 8.01467536 20.9052922 12.21467712 20.9052922 0 P 0
L 8.01467536 23.90529128 12.21467712 23.90529128 0 P 0
L 8.08905926 27.36200268 8.08905926 27.96200148 1 P 0
L 8.10885856 34.39919968 8.10885856 35.34920032 0 P 0
L 8.12300128 38.49249096 8.72300008 38.49249096 0 P 0
L 8.26125602 30.640401 8.26125602 31.64040154 1 P 0
L 8.42300068 38.19249156 8.42300068 38.79249036 0 P 0
L 8.4516595 32.7724008 8.4516595 33.5723992 0 P 0
L 8.489061 26.86200114 8.489061 28.46200302 0 P 0
L 8.70885736 33.67419986 8.70885736 36.07420014 0 P 0
L 8.73079788 33.60528966 8.73079788 36.60528874 0 P 0
L 8.73079788 33.60528966 12.93079964 33.60528966 0 P 0
L 8.73079788 36.60528874 12.93079964 36.60528874 0 P 0
L 8.95982968 45.07500256 8.95982968 47.1750009 0 P 0
L 8.95982968 45.07500256 10.85982842 45.07500256 0 P 0
L 8.95982968 47.1750009 10.85982842 47.17500344 0 P 0
L 9.22300162 38.09248922 9.22300162 38.89249016 0 P 0
L 9.28625778 30.11540078 9.28625778 32.16539922 0 P 0
L 9.34353986 30.90500296 9.34353986 32.10500056 0 P 0
L 9.34353986 30.90500296 11.74354014 30.90500296 0 P 0
L 9.34353986 32.10500056 11.74354014 32.10500056 0 P 0
L 9.40982878 46.12500046 10.40982932 46.12500046 0 P 0
L 9.43900068 7.89100022 9.43900068 16.01900022 0 P 0
L 9.54898268 47.25000202 9.54898268 48.8500039 0 P 0
L 9.54898268 47.25000202 10.34898362 47.25000202 0 P 0
L 9.54898268 48.8500039 10.34898362 48.8500039 0 P 0
L 9.64898502 48.05000296 10.24897874 48.05000296 0 P 0
L 9.90983032 45.62500146 9.90983032 46.625002 0 P 0
L 9.91467664 19.27500082 10.31467584 19.27500082 0 P 0
L 9.91467664 22.40529174 10.31467584 22.40529174 0 P 0
L 9.94898188 47.7500061 9.94898188 48.34999982 0 P 0
L 10.02171986 29.60000176 10.02171986 30.79999936 0 P 0
L 10.02171986 29.60000176 12.42172014 29.60000176 0 P 0
L 10.02171986 30.79999936 12.42172014 30.79999936 0 P 0
L 10.06853968 31.50500176 11.01854032 31.50500176 0 P 0
L 10.11467624 19.07500122 10.11467624 19.47500042 0 P 0
L 10.11467624 22.20529214 10.11467624 22.60529134 0 P 0
L 10.34898362 47.25000202 10.34898362 48.8500039 0 P 0
L 10.51926014 25.662001 10.51926014 28.06200128 0 P 0
L 10.51926014 25.662001 11.71925774 25.662001 0 P 0
L 10.51926014 28.06200128 11.71925774 28.06200128 0 P 0
L 10.54354 31.03000144 10.54354 31.98000208 0 P 0
L 10.63079916 35.1052892 11.03079836 35.1052892 0 P 0
L 10.64425608 26.86200114 11.5942618 26.86200114 0 P 0
L 10.676001 4.064 11.675999 4.064 0 P 0
L 10.74671968 30.20000056 11.69672032 30.20000056 0 P 0
L 10.7520359 12.20532992 10.7520359 13.8053318 0 P 0
L 10.7520359 12.20532992 11.5520343 12.20532992 0 P 0
L 10.7520359 13.8053318 11.5520343 13.8053318 0 P 0
L 10.83079876 34.9052896 10.83079876 35.3052888 0 P 0
L 10.8520357 13.00533086 11.4520345 13.00533086 0 P 0
L 10.85982842 45.07500256 10.85982842 47.17500344 0 P 0
L 10.87499984 44.86106852 10.87499984 46.06106612 0 P 0
L 10.87499984 44.86106852 13.02499808 44.86106852 0 P 0
L 10.87499984 46.06106612 13.02499808 46.06106612 0 P 0
L 11.04999822 8.38790042 11.04999822 9.9879023 0 P 0
L 11.04999822 8.38790042 11.84999916 8.38790042 0 P 0
L 11.04999822 9.9879023 11.84999916 9.9879023 0 P 0
L 11.11925894 26.38699828 11.11925894 27.337004 0 P 0
L 11.15000056 9.18790136 11.74999936 9.18790136 0 P 0
L 11.1520351 12.70533146 11.1520351 13.3053328 0 P 0
L 11.176 3.564001 11.176 4.563999 0 P 0
L 11.22172 29.72500024 11.22172 30.67500088 0 P 0
L 11.44999996 8.88790196 11.44999996 9.48790076 0 P 0
L 11.5520343 12.20532992 11.5520343 13.8053318 0 P 0
L 11.62500088 11.90533306 11.62500088 15.13033296 0 P 0
L 11.62500088 11.90533306 15.42499836 11.90533306 0 P 0
L 11.62500088 15.13033296 15.42499836 15.13033296 0 P 0
L 11.71925774 25.662001 11.71925774 28.06200128 0 P 0
L 11.72499814 26.35708724 11.72499814 27.95708912 0 P 0
L 11.72499814 26.35708724 12.52499908 26.35708724 0 P 0
L 11.72499814 27.95708912 12.52499908 27.95708912 0 P 0
L 11.74354014 30.90500296 11.74354014 32.10500056 0 P 0
L 11.82500048 27.15708818 12.42499928 27.15708818 1 P 0
L 11.84999916 8.38790042 11.84999916 9.9879023 0 P 0
L 11.89511972 8.38790042 11.89511972 9.9879023 0 P 0
L 11.89511972 8.38790042 12.69512066 8.38790042 0 P 0
L 11.89511972 9.9879023 12.69512066 9.9879023 0 P 0
L 11.99512206 9.18790136 12.59512086 9.18790136 0 P 0
L 12.12499988 26.85708878 12.12499988 27.45708758 1 P 0
L 12.18056238 46.07499802 12.18056238 47.6749999 0 P 0
L 12.18056238 46.07499802 12.98056332 46.07499802 0 P 0
L 12.18056238 47.6749999 12.98056332 47.6749999 0 P 0
L 12.21467712 17.77500128 12.21467712 20.77500036 0 P 0
L 12.21467712 20.9052922 12.21467712 23.90529128 0 P 0
L 12.28056472 46.87499896 12.88055844 46.87499896 0 P 0
L 12.29512146 8.88790196 12.29512146 9.48790076 0 P 0
L 12.32500202 19.86499964 12.32500202 21.38500168 0 P 0
L 12.32500202 19.86499964 13.12500042 19.86499964 0 P 0
L 12.32500202 21.38500168 13.12500042 21.38500168 0 P 0
L 12.32500202 22.1997524 12.32500202 23.71975444 0 P 0
L 12.32500202 22.1997524 13.12500042 22.1997524 0 P 0
L 12.32500202 23.71975444 13.12500042 23.71975444 0 P 0
L 12.42172014 29.60000176 12.42172014 30.79999936 0 P 0
L 12.42500182 20.62500066 13.02500062 20.62500066 0 P 0
L 12.42500182 22.95975342 13.02500062 22.95975342 0 P 0
L 12.52499908 26.35708724 12.52499908 27.95708912 0 P 0
L 12.5453013 24.40529028 12.5453013 26.80529056 0 P 0
L 12.5453013 24.40529028 13.7452989 24.40529028 0 P 0
L 12.5453013 26.80529056 13.7452989 26.80529056 0 P 0
L 12.58056158 46.5750021 12.58056158 47.17499582 0 P 0
L 12.67030232 25.60529042 13.62030042 25.60529042 0 P 0
L 12.69512066 8.38790042 12.69512066 9.9879023 0 P 0
L 12.72500122 20.32500126 12.72500122 20.9250026 0 P 0
L 12.72500122 22.65975148 12.72500122 23.25975282 0 P 0
L 12.75454904 8.38790042 12.75454904 9.9879023 0 P 0
L 12.75454904 8.38790042 13.55454998 8.38790042 0 P 0
L 12.75454904 9.9879023 13.55454998 9.9879023 0 P 0
L 12.85455138 9.18790136 13.45455018 9.18790136 0 P 0
L 12.93079964 33.60528966 12.93079964 36.60528874 0 P 0
L 12.98056332 46.07499802 12.98056332 47.6749999 0 P 0
L 13.02499808 13.53033362 14.02499862 13.53033362 0 P 0
L 13.02499808 44.86106852 13.02499808 46.06106612 0 P 0
L 13.07500052 34.86500012 13.07500052 36.38500216 0 P 0
L 13.07500052 34.86500012 13.87499892 34.86500012 0 P 0
L 13.07500052 36.38500216 13.87499892 36.38500216 0 P 0
L 13.12500042 19.86499964 13.12500042 21.38500168 0 P 0
L 13.12500042 22.1997524 13.12500042 23.71975444 0 P 0
L 13.1453001 25.1302901 13.1453001 26.08029074 0 P 0
L 13.15455078 8.88790196 13.15455078 9.48790076 0 P 0
L 13.17500032 35.62500114 13.77499912 35.62500114 0 P 0
L 13.21471576 19.86499964 13.21471576 21.38500168 0 P 0
L 13.21471576 19.86499964 14.01471416 19.86499964 0 P 0
L 13.21471576 21.38500168 14.01471416 21.38500168 0 P 0
L 13.31471556 20.62500066 13.91471436 20.62500066 0 P 0
L 13.37630802 45.1499986 13.37630802 45.94999954 0 P 0
L 13.37630802 45.1499986 14.9763099 45.1499986 0 P 0
L 13.37630802 45.94999954 14.9763099 45.94999954 0 P 0
L 13.47499972 35.3249992 13.47499972 35.92500054 0 P 0
L 13.52499962 13.03033462 13.52499962 14.03033516 0 P 0
L 13.55454998 8.38790042 13.55454998 9.9879023 0 P 0
L 13.61471496 20.32500126 13.61471496 20.9250026 0 P 0
L 13.7452989 24.40529028 13.7452989 26.80529056 0 P 0
L 13.77630976 27.89719846 13.77630976 29.4172005 0 P 0
L 13.77630976 27.89719846 14.57630816 27.89719846 0 P 0
L 13.77630976 29.4172005 14.57630816 29.4172005 0 P 0
L 13.78580174 15.57199832 13.78580174 19.77200008 0 P 0
L 13.78580174 15.57199832 16.78580082 15.57199832 0 P 0
L 13.78580174 19.77200008 16.78580082 19.77200008 0 P 0
L 13.87499892 34.86500012 13.87499892 36.38500216 0 P 0
L 13.87630956 28.65719948 14.47630836 28.65719948 0 P 0
L 13.8763121 45.55000034 14.47630582 45.55000034 0 P 0
L 13.91653808 23.5736003 13.91653808 25.17360218 0 P 0
L 13.91653808 23.5736003 14.71653648 23.5736003 0 P 0
L 13.91653808 25.17360218 14.71653648 25.17360218 0 P 0
L 13.99093976 30.95528988 13.99093976 32.55529176 0 P 0
L 13.99093976 30.95528988 14.79093816 30.95528988 0 P 0
L 13.99093976 32.55529176 14.79093816 32.55529176 0 P 0
L 14.01471416 19.86499964 14.01471416 21.38500168 0 P 0
L 14.01653788 24.37360124 14.61653668 24.37360124 0 P 0
L 14.09093956 31.75529082 14.69093836 31.75529082 0 P 0
L 14.17630896 28.35719754 14.17630896 28.95719888 0 P 0
L 14.17630896 45.25000348 14.17630896 45.8499972 0 P 0
L 14.31653728 24.07360184 14.31653728 24.67360318 0 P 0
L 14.39093896 31.45529142 14.39093896 32.05529276 0 P 0
L 14.57630816 27.89719846 14.57630816 29.4172005 0 P 0
L 14.6750024 20.10528872 14.6750024 37.40528714 1 P 0
L 14.6750024 20.10528872 31.97500082 20.10528872 1 P 0
L 14.6750024 37.40528714 31.97500082 37.40528714 1 P 0
L 14.71653648 23.5736003 14.71653648 25.17360218 0 P 0
L 14.79093816 30.95528988 14.79093816 32.55529176 0 P 0
L 14.9763099 45.1499986 14.9763099 45.94999954 0 P 0
L 15.00000048 45.12500246 15.00000048 46.32500006 0 P 0
L 15.00000048 45.12500246 17.40000076 45.12500246 0 P 0
L 15.00000048 46.32500006 17.40000076 46.32500006 0 P 0
L 15.08580168 17.6719992 15.48580088 17.6719992 0 P 0
L 15.28580128 17.4719996 15.28580128 17.8719988 0 P 0
L 15.42499836 11.90533306 15.42499836 15.13033296 0 P 0
L 15.5857956 13.28394346 15.5857956 14.88394534 0 P 0
L 15.5857956 13.28394346 16.385794 13.28394346 0 P 0
L 15.5857956 14.88394534 16.385794 14.88394534 0 P 0
L 15.6857954 14.0839444 16.2857942 14.0839444 0 P 0
L 15.72499776 45.72500126 16.67500348 45.72500126 0 P 0
L 15.9857948 13.78394246 15.9857948 14.3839438 0 P 0
L 16.17600016 0.76399898 16.17600016 7.36400102 0 P 0
L 16.20000062 45.2499984 16.20000062 46.19999904 0 P 0
L 16.256 1.016 16.256 6.731 0 P 0
L 16.256 1.016 37.084 1.016 0 P 0
L 16.256 6.731 37.084 6.731 0 P 0
L 16.385794 13.28394346 16.385794 14.88394534 0 P 0
L 16.46096022 12.3703334 16.46096022 13.89033544 3 P 0
L 16.46096022 12.3703334 17.26095862 12.3703334 3 P 0
L 16.46096022 13.89033544 17.26095862 13.89033544 3 P 0
L 16.5249987 11.39376944 16.5249987 12.19377038 0 P 0
L 16.5249987 11.39376944 18.12500058 11.39376944 0 P 0
L 16.5249987 12.19377038 18.12500058 12.19377038 0 P 0
L 16.56096002 13.13033442 17.16095882 13.13033442 7 P 0
L 16.78580082 15.57199832 16.78580082 19.77200008 0 P 0
L 16.86095942 12.83033248 16.86095942 13.43033382 7 P 0
L 17.02500024 11.79377118 17.62499904 11.79377118 0 P 0
L 17.26095862 12.3703334 17.26095862 13.89033544 3 P 0
L 17.32499964 11.49377178 17.32499964 12.09377058 0 P 0
L 17.38079836 12.33033348 17.38079836 13.93033536 0 P 0
L 17.38079836 12.33033348 18.1807993 12.33033348 0 P 0
L 17.38079836 13.93033536 18.1807993 13.93033536 0 P 0
L 17.40000076 45.12500246 17.40000076 46.32500006 0 P 0
L 17.48079816 13.13033442 18.08079696 13.13033442 0 P 0
L 17.53999794 26.86200368 17.53999794 27.66200208 3 P 0
L 17.53999794 26.86200368 19.05999998 26.86200368 3 P 0
L 17.53999794 27.66200208 19.05999998 27.66200208 3 P 0
L 17.78079756 12.83033502 17.78079756 13.43033382 0 P 0
L 17.99999702 27.26200288 18.59999836 27.26200288 7 P 0
L 18.03028906 19.2499996 18.03028906 20.049998 0 P 0
L 18.03028906 19.2499996 19.63029094 19.2499996 0 P 0
L 18.03028906 20.049998 19.63029094 20.049998 0 P 0
L 18.08997906 15.22099826 18.08997906 16.0209992 0 P 0
L 18.08997906 15.22099826 19.68998094 15.22099826 0 P 0
L 18.08997906 16.0209992 19.68998094 16.0209992 0 P 0
L 18.12500058 11.39376944 18.12500058 12.19377038 0 P 0
L 18.1807993 12.33033348 18.1807993 13.93033536 0 P 0
L 18.27500028 12.33033348 18.27500028 13.93033536 0 P 0
L 18.27500028 12.33033348 19.07500122 12.33033348 0 P 0
L 18.27500028 13.93033536 19.07500122 13.93033536 0 P 0
L 18.29999896 26.96200348 18.29999896 27.56200228 7 P 0
L 18.37500008 13.13033442 18.97499888 13.13033442 0 P 0
L 18.53028806 19.6499988 19.1302894 19.6499988 0 P 0
L 18.5899806 15.621 19.1899794 15.621 0 P 0
L 18.67499948 12.83033502 18.67499948 13.43033382 0 P 0
L 18.72380304 44.9063999 18.72380304 46.50640178 0 P 0
L 18.72380304 44.9063999 19.52380398 44.9063999 0 P 0
L 18.72380304 46.50640178 19.52380398 46.50640178 0 P 0
L 18.82380538 45.70640084 19.42380418 45.70640084 0 P 0
L 18.82499918 24.25499848 18.82499918 33.2550008 0 P 0
L 18.82499918 24.25499848 27.8250015 24.25499848 0 P 0
L 18.82499918 33.2550008 27.8250015 33.2550008 0 P 0
L 18.83029 19.3499994 18.83029 19.9499982 0 P 0
L 18.88998 15.3210006 18.88998 15.9209994 0 P 0
L 19.05999998 26.86200368 19.05999998 27.66200208 3 P 0
L 19.07500122 12.33033348 19.07500122 13.93033536 0 P 0
L 19.12380478 45.4063989 19.12380478 46.00640024 0 P 0
L 19.431 52.07 20.701 52.07 0 P 0
L 19.52380398 44.9063999 19.52380398 46.50640178 0 P 0
L 19.57499768 44.91740318 19.57499768 46.51740506 0 P 0
L 19.57499768 44.91740318 20.37499862 44.91740318 0 P 0
L 19.57499768 46.51740506 20.37499862 46.51740506 0 P 0
L 19.63029094 19.2499996 19.63029094 20.049998 0 P 0
L 19.67500002 45.71740412 20.27499882 45.71740412 1 P 0
L 19.68998094 15.22099826 19.68998094 16.0209992 0 P 0
L 19.97499942 45.41740472 19.97499942 46.01740352 1 P 0
L 20.066 51.435 20.066 52.705 0 P 0
L 20.37499862 44.91740318 20.37499862 46.51740506 0 P 0
L 20.48699992 44.72740102 20.48699992 46.62739976 0 P 0
L 20.48699992 44.72740102 22.58699826 44.72740102 0 P 0
L 20.48699992 46.62739976 22.58699826 46.62739976 0 P 0
L 21.03699882 45.67740166 22.03699936 45.67740166 0 P 0
L 21.53700036 45.17740012 21.53700036 46.17740066 0 P 0
L 22.00000172 12.0460008 22.00000172 15.84599828 0 P 0
L 22.00000172 12.0460008 25.22500162 12.0460008 0 P 0
L 22.00000172 15.84599828 25.22500162 15.84599828 0 P 0
L 22.1290007 11.1570008 22.1290007 11.9569992 0 P 0
L 22.1290007 11.1570008 23.64900274 11.1570008 0 P 0
L 22.1290007 11.9569992 23.64900274 11.9569992 0 P 0
L 22.5249994 37.33917856 22.5249994 38.13917696 0 P 0
L 22.5249994 37.33917856 24.12500128 37.33917856 0 P 0
L 22.5249994 38.13917696 24.12500128 38.13917696 0 P 0
L 22.58699826 44.72740102 22.58699826 46.62739976 0 P 0
L 22.58900232 11.557 23.18900366 11.557 0 P 0
L 22.82500134 28.75499964 23.82500188 28.75499964 1 P 0
L 22.82500134 28.7552892 23.82500188 28.7552892 1 P 0
L 22.86298958 44.87740072 22.86298958 46.4774026 0 P 0
L 22.86298958 44.87740072 23.66299052 44.87740072 0 P 0
L 22.86298958 46.4774026 23.66299052 46.4774026 0 P 0
L 22.88900172 11.2570006 22.88900172 11.8569994 0 P 0
L 22.96299192 45.67740166 23.56299072 45.67740166 0 P 0
L 23.02500094 37.73917776 23.62500228 37.73917776 0 P 0
L 23.03199864 15.85406024 23.03199864 16.65405864 0 P 0
L 23.03199864 15.85406024 24.55200068 15.85406024 0 P 0
L 23.03199864 16.65405864 24.55200068 16.65405864 0 P 0
L 23.09999952 13.94599954 24.10000006 13.94599954 0 P 0
L 23.26299132 45.37740226 23.26299132 45.97740106 0 P 0
L 23.32500034 28.2549981 23.32500034 29.25499864 1 P 0
L 23.32500034 28.25528766 23.32500034 29.2552882 1 P 0
L 23.32500034 37.43917836 23.32500034 38.03917716 0 P 0
L 23.49200026 16.25405944 24.0920016 16.25405944 0 P 0
L 23.60000106 13.445998 23.60000106 14.44599854 0 P 0
L 23.64900274 11.1570008 23.64900274 11.9569992 0 P 0
L 23.66299052 44.87740072 23.66299052 46.4774026 0 P 0
L 23.79199966 15.95406004 23.79199966 16.55405884 0 P 0
L 23.86579936 19.3028443 23.86579936 20.1028427 0 P 0
L 23.86579936 19.3028443 25.46580124 19.3028443 0 P 0
L 23.86579936 20.1028427 25.46580124 20.1028427 0 P 0
L 24.05951246 44.92500032 24.05951246 46.5250022 0 P 0
L 24.05951246 44.92500032 24.8595134 44.92500032 0 P 0
L 24.05951246 46.5250022 24.8595134 46.5250022 0 P 0
L 24.12500128 37.33917856 24.12500128 38.13917696 0 P 0
L 24.1595148 45.72500126 24.7595136 45.72500126 1 P 0
L 24.3658009 19.7028435 24.96580224 19.7028435 0 P 0
L 24.4595142 45.42500186 24.4595142 46.02500066 1 P 0
L 24.55200068 15.85406024 24.55200068 16.65405864 0 P 0
L 24.6658003 19.4028441 24.6658003 20.0028429 0 P 0
L 24.8595134 44.92500032 24.8595134 46.5250022 0 P 0
L 24.9921522 44.7023998 24.9921522 46.60239854 0 P 0
L 24.9921522 44.7023998 27.09215054 44.7023998 0 P 0
L 24.9921522 46.60239854 27.09215054 46.60239854 0 P 0
L 25.22500162 12.0460008 25.22500162 15.84599828 0 P 0
L 25.46580124 19.3028443 25.46580124 20.1028427 0 P 0
L 25.52535662 23.61780138 25.52535662 24.41779978 3 P 0
L 25.52535662 23.61780138 27.04535866 23.61780138 3 P 0
L 25.52535662 24.41779978 27.04535866 24.41779978 3 P 0
L 25.5421511 45.65240044 26.54215164 45.65240044 0 P 0
L 25.98535824 24.01780058 26.58535958 24.01780058 7 P 0
L 26.035 3.81 26.67 3.81 0 P 0
L 26.035 3.81 27.305 3.81 0 P 0
L 26.04215264 45.1523989 26.04215264 46.15239944 0 P 0
L 26.28535764 23.71780118 26.28535764 24.31779998 7 P 0
L 26.67 3.175 26.67 3.81 0 P 0
L 26.67 3.175 26.67 4.445 0 P 0
L 26.67 3.81 26.67 4.445 0 P 0
L 27.04535866 23.61780138 27.04535866 24.41779978 3 P 0
L 27.09215054 44.7023998 27.09215054 46.60239854 0 P 0
L 27.34319906 13.92559826 27.34319906 14.7255992 0 P 0
L 27.34319906 13.92559826 28.94320094 13.92559826 0 P 0
L 27.34319906 14.7255992 28.94320094 14.7255992 0 P 0
L 27.40000108 44.8523995 27.40000108 46.45240138 0 P 0
L 27.40000108 44.8523995 28.20000202 44.8523995 0 P 0
L 27.40000108 46.45240138 28.20000202 46.45240138 0 P 0
L 27.50000088 45.65240044 28.09999968 45.65240044 1 P 0
L 27.64319846 12.43033582 27.64319846 13.23033422 0 P 0
L 27.64319846 12.43033582 29.24320034 12.43033582 0 P 0
L 27.64319846 13.23033422 29.24320034 13.23033422 0 P 0
L 27.80000028 45.35240104 27.80000028 45.95239984 1 P 0
L 27.8250015 24.25499848 27.8250015 33.2550008 0 P 0
L 27.8432006 14.3256 28.4431994 14.3256 0 P 0
L 27.89319796 16.56233924 27.89319796 17.36233764 0 P 0
L 27.89319796 16.56233924 29.49319984 16.56233924 0 P 0
L 27.89319796 17.36233764 29.49319984 17.36233764 0 P 0
L 28.08319758 19.312001 28.08319758 20.1119994 0 P 0
L 28.08319758 19.312001 29.60319962 19.312001 0 P 0
L 28.08319758 20.1119994 29.60319962 20.1119994 0 P 0
L 28.14319746 12.83033502 28.7431988 12.83033502 0 P 0
L 28.1432 14.0256006 28.1432 14.6255994 0 P 0
L 28.20000202 44.8523995 28.20000202 46.45240138 0 P 0
L 28.38697904 9.64061826 28.38697904 10.4406192 0 P 0
L 28.38697904 9.64061826 29.98698092 9.64061826 0 P 0
L 28.38697904 10.4406192 29.98698092 10.4406192 0 P 0
L 28.39319696 16.96233844 28.9931983 16.96233844 0 P 0
L 28.4431994 12.53033562 28.4431994 13.13033442 0 P 0
L 28.4988 10.3632 28.4988 12.7508 0 P 0
L 28.4988 10.3632 30.6832 10.3632 0 P 0
L 28.4988 12.7508 30.6832 12.7508 0 P 0
L 28.4988 14.3002 28.4988 16.6878 0 P 0
L 28.4988 14.3002 30.6832 14.3002 0 P 0
L 28.4988 16.6878 30.6832 16.6878 0 P 0
L 28.5431992 19.7120002 29.14320054 19.7120002 0 P 0
L 28.6931989 16.66233904 28.6931989 17.26233784 0 P 0
L 28.8431986 19.4120008 28.8431986 20.0119996 0 P 0
L 28.88698058 10.04062 29.48697938 10.04062 0 P 0
L 28.94320094 13.92559826 28.94320094 14.7255992 0 P 0
L 29.18697998 9.7406206 29.18697998 10.3406194 0 P 0
L 29.2410007 11.557 29.9409993 11.557 0 P 0
L 29.2410007 15.494 29.9409993 15.494 0 P 0
L 29.24320034 12.43033582 29.24320034 13.23033422 0 P 0
L 29.49319984 16.56233924 29.49319984 17.36233764 0 P 0
L 29.591 11.2070007 29.591 11.9069993 0 P 0
L 29.591 15.1440007 29.591 15.8439993 0 P 0
L 29.60319962 19.312001 29.60319962 20.1119994 0 P 0
L 29.85241934 16.43824246 29.85241934 18.03824434 0 P 0
L 29.85241934 16.43824246 30.65241774 16.43824246 0 P 0
L 29.85241934 18.03824434 30.65241774 18.03824434 0 P 0
L 29.91331076 12.35491814 29.91331076 13.95492002 0 P 0
L 29.91331076 12.35491814 30.71330916 12.35491814 0 P 0
L 29.91331076 13.95492002 30.71330916 13.95492002 0 P 0
L 29.95241914 17.2382434 30.55241794 17.2382434 0 P 0
L 29.98698092 9.64061826 29.98698092 10.4406192 0 P 0
L 30.01331056 13.15491908 30.61330936 13.15491908 0 P 0
L 30.25241854 16.93824146 30.25241854 17.5382428 0 P 0
L 30.31330996 12.85491714 30.31330996 13.45491848 0 P 0
L 30.65241774 16.43824246 30.65241774 18.03824434 0 P 0
L 30.6832 10.3632 30.6832 12.7508 0 P 0
L 30.6832 14.3002 30.6832 16.6878 0 P 0
L 30.71330916 12.35491814 30.71330916 13.95492002 0 P 0
L 31.250001 35.04999848 31.250001 36.65000036 0 P 0
L 31.250001 35.04999848 32.0499994 35.04999848 0 P 0
L 31.250001 36.65000036 32.0499994 36.65000036 0 P 0
L 31.3500008 35.84999942 31.9499996 35.84999942 0 P 0
L 31.6500002 35.55000002 31.6500002 36.15000136 0 P 0
L 31.65524784 44.8114039 31.65524784 46.0114015 0 P 0
L 31.65524784 44.8114039 33.80524608 44.8114039 0 P 0
L 31.65524784 46.0114015 33.80524608 46.0114015 0 P 0
L 31.71640088 9.5854012 31.71640088 10.7853988 0 P 0
L 31.71640088 9.5854012 33.86639912 9.5854012 0 P 0
L 31.71640088 10.7853988 33.86639912 10.7853988 0 P 0
L 31.92770094 21.3885272 31.92770094 22.18852814 0 P 0
L 31.92770094 21.3885272 33.52770282 21.3885272 0 P 0
L 31.92770094 22.18852814 33.52770282 22.18852814 0 P 0
L 31.92770094 22.28710554 31.92770094 23.08710648 0 P 0
L 31.92770094 22.28710554 33.52770282 22.28710554 0 P 0
L 31.92770094 23.08710648 33.52770282 23.08710648 0 P 0
L 31.95270216 13.88226332 31.95270216 15.08226092 0 P 0
L 31.95270216 13.88226332 34.1027004 13.88226332 0 P 0
L 31.95270216 15.08226092 34.1027004 15.08226092 0 P 0
L 31.97500082 20.10528872 31.97500082 37.40528714 1 P 0
L 31.9840991 25.55199614 31.9840991 26.35199708 0 P 0
L 31.9840991 25.55199614 33.58410098 25.55199614 0 P 0
L 31.9840991 26.35199708 33.58410098 26.35199708 0 P 0
L 32.00310084 26.29499694 32.00310084 27.89499882 0 P 0
L 32.00310084 26.29499694 32.80310178 26.29499694 0 P 0
L 32.00310084 27.89499882 32.80310178 27.89499882 0 P 0
L 32.0048128 27.95528826 32.0048128 29.55529014 0 P 0
L 32.0048128 27.95528826 32.8048112 27.95528826 0 P 0
L 32.0048128 29.55529014 32.8048112 29.55529014 0 P 0
L 32.0499994 35.04999848 32.0499994 36.65000036 0 P 0
L 32.10310064 27.09499788 32.70309944 27.09499788 0 P 0
L 32.1048126 28.7552892 32.7048114 28.7552892 0 P 0
L 32.22500032 35.44000024 32.22500032 36.96000228 0 P 0
L 32.22500032 35.44000024 33.02499872 35.44000024 0 P 0
L 32.22500032 36.96000228 33.02499872 36.96000228 0 P 0
L 32.32500012 36.20000126 32.92499892 36.20000126 0 P 0
L 32.40310004 26.79499848 32.40310004 27.39499728 0 P 0
L 32.404812 28.4552898 32.404812 29.05529114 0 P 0
L 32.42770248 21.78852894 33.02770128 21.78852894 1 P 0
L 32.42770248 22.68710728 33.02770128 22.68710728 0 P 0
L 32.48410064 25.95199788 33.08409944 25.95199788 0 P 0
L 32.53461108 45.9750033 32.53461108 48.37500358 0 P 0
L 32.53461108 45.9750033 33.73460868 45.9750033 0 P 0
L 32.53461108 48.37500358 33.73460868 48.37500358 0 P 0
L 32.62499952 35.89999932 32.62499952 36.50000066 0 P 0
L 32.65960702 47.17500344 33.60960766 47.17500344 0 P 0
L 32.72770188 21.48852954 32.72770188 22.08852834 1 P 0
L 32.72770188 22.38710788 32.72770188 22.98710668 0 P 0
L 32.78410004 25.65199848 32.78410004 26.25199728 0 P 0
L 32.80310178 26.29499694 32.80310178 27.89499882 0 P 0
L 32.8048112 27.95528826 32.8048112 29.55529014 0 P 0
L 32.81639868 23.56780148 32.81639868 25.46780022 0 P 0
L 32.81639868 23.56780148 34.91639702 23.56780148 0 P 0
L 32.81639868 25.46780022 34.91639702 25.46780022 0 P 0
L 32.85231682 26.29499694 32.85231682 27.89499882 0 P 0
L 32.85231682 26.29499694 33.65231776 26.29499694 0 P 0
L 32.85231682 27.89499882 33.65231776 27.89499882 0 P 0
L 32.95231662 27.09499788 33.55231542 27.09499788 0 P 0
L 33.02 49.149 33.02 54.991 0 P 0
L 33.02499872 35.44000024 33.02499872 36.96000228 0 P 0
L 33.13460988 46.70000058 33.13460988 47.6500063 0 P 0
L 33.17499842 34.04729792 33.17499842 37.047297 0 P 0
L 33.17499842 34.04729792 37.37500018 34.04729792 0 P 0
L 33.17499842 37.047297 37.37500018 37.047297 0 P 0
L 33.25231602 26.79499848 33.25231602 27.39499728 0 P 0
L 33.36639758 24.51780212 34.36639812 24.51780212 0 P 0
L 33.52770282 21.3885272 33.52770282 22.18852814 0 P 0
L 33.52770282 22.28710554 33.52770282 23.08710648 0 P 0
L 33.58410098 25.55199614 33.58410098 26.35199708 0 P 0
L 33.65231776 26.29499694 33.65231776 27.89499882 0 P 0
L 33.6802349 21.3885272 33.6802349 22.98852908 0 P 0
L 33.6802349 21.3885272 34.48023584 21.3885272 0 P 0
L 33.6802349 22.98852908 34.48023584 22.98852908 0 P 0
L 33.7175983 26.30528902 33.7175983 27.9052909 0 P 0
L 33.7175983 26.30528902 34.51759924 26.30528902 0 P 0
L 33.7175983 27.9052909 34.51759924 27.9052909 0 P 0
L 33.73460868 45.9750033 33.73460868 48.37500358 0 P 0
L 33.77499976 46.02680406 33.77499976 47.62680594 0 P 0
L 33.77499976 46.02680406 34.5750007 46.02680406 0 P 0
L 33.77499976 47.62680594 34.5750007 47.62680594 0 P 0
L 33.78023724 22.18852814 34.38023604 22.18852814 1 P 0
L 33.80524608 44.8114039 33.80524608 46.0114015 0 P 0
L 33.81760064 27.10528996 34.41759944 27.10528996 1 P 0
L 33.86639912 9.5854012 33.86639912 10.7853988 0 P 0
L 33.86639912 24.01780058 33.86639912 25.01780112 0 P 0
L 33.8750021 46.826805 34.47499582 46.826805 0 P 0
L 34.036 49.276 34.036 54.991 0 P 0
L 34.036 49.276 54.864 49.276 0 P 0
L 34.036 54.991 54.864 54.991 0 P 0
L 34.05333042 45.02500012 34.05333042 45.82500106 0 P 0
L 34.05333042 45.02500012 35.6533323 45.02500012 0 P 0
L 34.05333042 45.82500106 35.6533323 45.82500106 0 P 0
L 34.08023664 21.88852874 34.08023664 22.48852754 1 P 0
L 34.1027004 13.88226332 34.1027004 15.08226092 0 P 0
L 34.11760004 26.80529056 34.11760004 27.40528936 1 P 0
L 34.17499896 46.52680814 34.17499896 47.12680186 0 P 0
L 34.48023584 21.3885272 34.48023584 22.98852908 0 P 0
L 34.51759924 26.30528902 34.51759924 27.9052909 0 P 0
L 34.5533345 45.42500186 35.15332822 45.42500186 0 P 0
L 34.5750007 46.02680406 34.5750007 47.62680594 0 P 0
L 34.85333136 45.125005 34.85333136 45.72499872 0 P 0
L 34.91639702 23.56780148 34.91639702 25.46780022 0 P 0
L 35.0749997 35.54729746 35.4749989 35.54729746 0 P 0
L 35.2749993 35.34729786 35.2749993 35.74729706 0 P 0
L 35.30895656 20.42028682 35.30895656 21.94028886 0 P 0
L 35.30895656 20.42028682 36.10895496 20.42028682 0 P 0
L 35.30895656 21.94028886 36.10895496 21.94028886 0 P 0
L 35.40895636 21.18028784 36.00895516 21.18028784 0 P 0
L 35.43939826 29.17484894 35.43939826 30.77485082 0 P 0
L 35.43939826 29.17484894 36.2393992 29.17484894 0 P 0
L 35.43939826 30.77485082 36.2393992 30.77485082 0 P 0
L 35.4394008 30.76412186 35.4394008 32.36412374 0 P 0
L 35.4394008 30.76412186 36.23940174 30.76412186 0 P 0
L 35.4394008 32.36412374 36.23940174 32.36412374 0 P 0
L 35.4749989 25.3500001 35.4749989 26.95000198 0 P 0
L 35.4749989 25.3500001 36.27499984 25.3500001 0 P 0
L 35.4749989 26.95000198 36.27499984 26.95000198 0 P 0
L 35.5394006 29.97484988 36.1393994 29.97484988 0 P 0
L 35.5394006 31.5641228 36.1393994 31.5641228 0 P 0
L 35.57500124 26.15000104 36.17500004 26.15000104 0 P 0
L 35.6533323 45.02500012 35.6533323 45.82500106 0 P 0
L 35.70895576 20.88028844 35.70895576 21.48028978 0 P 0
L 35.71418054 44.90000164 35.71418054 46.80000038 0 P 0
L 35.71418054 44.90000164 37.81417888 44.90000164 0 P 0
L 35.71418054 46.80000038 37.81417888 46.80000038 0 P 0
L 35.8394 29.67485048 35.8394 30.27484928 0 P 0
L 35.8394 31.2641234 35.8394 31.8641222 0 P 0
L 35.87500064 25.85000164 35.87500064 26.45000044 0 P 0
L 36.10895496 20.42028682 36.10895496 21.94028886 0 P 0
L 36.18747906 27.855291 36.18747906 28.6552894 0 P 0
L 36.18747906 27.855291 37.78748094 27.855291 0 P 0
L 36.18747906 28.6552894 37.78748094 28.6552894 0 P 0
L 36.20779906 29.35619986 36.20779906 31.74379986 0 P 0
L 36.20779906 29.35619986 38.39219906 29.35619986 0 P 0
L 36.20779906 31.74379986 38.39219906 31.74379986 0 P 0
L 36.2393992 29.17484894 36.2393992 30.77485082 0 P 0
L 36.23940174 30.76412186 36.23940174 32.36412374 0 P 0
L 36.26417944 45.84999974 37.26417998 45.84999974 0 P 0
L 36.27197724 25.50608818 36.27197724 27.89368818 0 P 0
L 36.27197724 25.50608818 38.45637724 25.50608818 0 P 0
L 36.27197724 27.89368818 38.45637724 27.89368818 0 P 0
L 36.27499984 25.3500001 36.27499984 26.95000198 0 P 0
L 36.5722789 19.549999 36.5722789 22.74999768 0 P 0
L 36.5722789 19.549999 39.77227758 19.549999 0 P 0
L 36.5722789 22.74999768 39.77227758 22.74999768 0 P 0
L 36.57499924 31.9459483 36.57499924 32.7459467 0 P 0
L 36.57499924 31.9459483 38.17500112 31.9459483 0 P 0
L 36.57499924 32.7459467 38.17500112 32.7459467 0 P 0
L 36.68747806 28.2552902 37.2874794 28.2552902 0 P 0
L 36.76417844 45.35000074 36.76417844 46.35000128 0 P 0
L 36.94999976 30.54999986 37.64999836 30.54999986 0 P 0
L 36.98748 27.9552908 36.98748 28.5552896 0 P 0
L 37.01417794 26.69988818 37.71417654 26.69988818 0 P 0
L 37.02162268 28.6322008 37.02162268 29.43220174 0 P 0
L 37.02162268 28.6322008 38.62162456 28.6322008 0 P 0
L 37.02162268 29.43220174 38.62162456 29.43220174 0 P 0
L 37.07500078 32.3459475 37.67500212 32.3459475 0 P 0
L 37.084 1.016 37.084 6.731 0 P 0
L 37.08790906 24.67500018 37.08790906 25.47500112 0 P 0
L 37.08790906 24.67500018 38.68791094 24.67500018 0 P 0
L 37.08790906 25.47500112 38.68791094 25.47500112 0 P 0
L 37.29999906 30.20000056 37.29999906 30.89999916 0 P 0
L 37.36417724 26.34988888 37.36417724 27.04988748 0 P 0
L 37.37500018 32.0459481 37.37500018 32.6459469 0 P 0
L 37.37500018 34.04729792 37.37500018 37.047297 0 P 0
L 37.39884062 35.34000044 37.39884062 36.86000248 0 P 0
L 37.39884062 35.34000044 38.19883902 35.34000044 0 P 0
L 37.39884062 36.86000248 38.19883902 36.86000248 0 P 0
L 37.49884042 36.10000146 38.09883922 36.10000146 0 P 0
L 37.52162422 29.0322 38.12162302 29.0322 0 P 0
L 37.5879106 25.07499938 38.1879094 25.07499938 0 P 0
L 37.78748094 27.855291 37.78748094 28.6552894 0 P 0
L 37.79883982 35.79999952 37.79883982 36.40000086 0 P 0
L 37.81417888 44.90000164 37.81417888 46.80000038 0 P 0
L 37.82162362 28.7322006 37.82162362 29.3321994 0 P 0
L 37.88791 24.77499998 37.88791 25.37499878 0 P 0
L 37.97227864 21.14999834 38.37227784 21.14999834 0 P 0
L 38.07499878 44.97500022 38.07499878 46.5750021 0 P 0
L 38.07499878 44.97500022 38.87499972 44.97500022 0 P 0
L 38.07499878 46.5750021 38.87499972 46.5750021 0 P 0
L 38.17227824 20.94999874 38.17227824 21.34999794 0 P 0
L 38.17500112 31.9459483 38.17500112 32.7459467 0 P 0
L 38.17500366 45.77500116 38.77499738 45.77500116 0 P 0
L 38.19883902 35.34000044 38.19883902 36.86000248 0 P 0
L 38.3096008 30.74456132 38.3096008 32.3445632 0 P 0
L 38.3096008 30.74456132 39.1095992 30.74456132 0 P 0
L 38.3096008 32.3445632 39.1095992 32.3445632 0 P 0
L 38.39219906 29.35619986 38.39219906 31.74379986 0 P 0
L 38.4096006 31.54456226 39.0095994 31.54456226 0 P 0
L 38.45637724 25.50608818 38.45637724 27.89368818 0 P 0
L 38.47500052 26.87785074 38.47500052 28.47785262 0 P 0
L 38.47500052 26.87785074 39.27499892 26.87785074 0 P 0
L 38.47500052 28.47785262 39.27499892 28.47785262 0 P 0
L 38.47500052 45.4750043 38.47500052 46.07499802 0 P 0
L 38.57500032 27.67785168 39.17499912 27.67785168 0 P 0
L 38.62162456 28.6322008 38.62162456 29.43220174 0 P 0
L 38.68791094 24.67500018 38.68791094 25.47500112 0 P 0
L 38.7096 31.24456032 38.7096 31.84456166 0 P 0
L 38.87499972 18.050002 38.87499972 19.2499996 0 P 0
L 38.87499972 18.050002 41.02499796 18.050002 0 P 0
L 38.87499972 19.2499996 41.02499796 19.2499996 0 P 0
L 38.87499972 27.37784974 38.87499972 27.97785108 0 P 0
L 38.87499972 44.97500022 38.87499972 46.5750021 0 P 0
L 38.98279986 44.90640244 38.98279986 46.10640004 0 P 0
L 38.98279986 44.90640244 41.38280014 44.90640244 0 P 0
L 38.98279986 46.10640004 41.38280014 46.10640004 0 P 0
L 39.1095992 30.74456132 39.1095992 32.3445632 0 P 0
L 39.116 0.889 39.116 6.731 0 P 0
L 39.116 0.889 54.864 0.889 0 P 0
L 39.116 6.731 54.864 6.731 0 P 0
L 39.27499892 26.87785074 39.27499892 28.47785262 0 P 0
L 39.64180032 12.38259906 39.64180032 13.98260094 0 P 0
L 39.64180032 12.38259906 40.44180126 12.38259906 0 P 0
L 39.64180032 13.98260094 40.44180126 13.98260094 0 P 0
L 39.70000188 14.29999934 39.70000188 15.90000122 0 P 0
L 39.70000188 14.29999934 40.50000282 14.29999934 0 P 0
L 39.70000188 15.90000122 40.50000282 15.90000122 0 P 0
L 39.70779714 45.50640124 40.65780286 45.50640124 0 P 0
L 39.74180266 13.1826 40.34179638 13.1826 0 P 0
L 39.77227758 19.549999 39.77227758 22.74999768 0 P 0
L 39.80000168 15.10000028 40.40000048 15.10000028 0 P 0
L 40.0029426 19.25234148 40.0029426 20.45233908 0 P 0
L 40.0029426 19.25234148 42.40294288 19.25234148 0 P 0
L 40.0029426 20.45233908 42.40294288 20.45233908 0 P 0
L 40.04179952 12.88260314 40.04179952 13.48259686 0 P 0
L 40.10000108 14.79999834 40.10000108 15.39999968 0 P 0
L 40.14369162 20.48796004 40.14369162 21.28796098 0 P 0
L 40.14369162 20.48796004 41.7436935 20.48796004 0 P 0
L 40.14369162 21.28796098 41.7436935 21.28796098 0 P 0
L 40.1828 45.03139838 40.1828 45.9814041 0 P 0
L 40.38599746 39.10999036 40.38599746 44.70998932 1 P 0
L 40.44180126 12.38259906 40.44180126 13.98260094 0 P 0
L 40.50000282 14.29999934 40.50000282 15.90000122 0 P 0
L 40.6436957 20.88796178 41.24368942 20.88796178 0 P 0
L 40.7162 38.82600058 40.7162 41.36600058 0 P 0
L 40.72794242 19.85234028 41.67794306 19.85234028 0 P 0
L 40.78344396 42.52881004 40.78344396 43.72880764 0 P 0
L 40.78344396 42.52881004 43.18344424 42.52881004 0 P 0
L 40.78344396 43.72880764 43.18344424 43.72880764 0 P 0
L 40.94369256 20.58796492 40.94369256 21.18795864 0 P 0
L 41.02499796 18.050002 41.02499796 19.2499996 0 P 0
L 41.20294274 19.3773425 41.20294274 20.3273406 0 P 0
L 41.275 18.19820846 41.275 18.9982094 0 P 0
L 41.275 18.19820846 42.87500188 18.19820846 0 P 0
L 41.275 18.9982094 42.87500188 18.9982094 0 P 0
L 41.3436943 32.99946918 41.3436943 34.59947106 0 P 0
L 41.3436943 32.99946918 42.14369524 32.99946918 0 P 0
L 41.3436943 34.59947106 42.14369524 34.59947106 0 P 0
L 41.3512 38.19100058 48.3362 38.19100058 0 P 0
L 41.3512 42.00100058 48.3362 42.00100058 0 P 0
L 41.38280014 44.90640244 41.38280014 46.10640004 0 P 0
L 41.44369664 33.79947012 42.04369036 33.79947012 0 P 0
L 41.50844378 43.12880884 42.45844442 43.12880884 0 P 0
L 41.55368626 30.75567382 41.55368626 33.14327382 0 P 0
L 41.55368626 30.75567382 43.73808626 30.75567382 0 P 0
L 41.55368626 33.14327382 43.73808626 33.14327382 0 P 0
L 41.61588578 29.22039876 41.61588578 30.82040064 0 P 0
L 41.61588578 29.22039876 42.41588672 29.22039876 0 P 0
L 41.61588578 30.82040064 42.41588672 30.82040064 0 P 0
L 41.71588812 30.0203997 42.31588692 30.0203997 0 P 0
L 41.7436935 20.48796004 41.7436935 21.28796098 0 P 0
L 41.7436935 33.49947326 41.7436935 34.09946698 0 P 0
L 41.77500408 18.5982102 42.3749978 18.5982102 0 P 0
L 41.9834441 42.65380852 41.9834441 43.60380916 0 P 0
L 42.01588752 29.7204003 42.01588752 30.3203991 0 P 0
L 42.03899898 11.20659938 42.03899898 18.20660062 0 P 0
L 42.03899898 11.20659938 48.63900102 11.20659938 0 P 0
L 42.03899898 18.20660062 48.63900102 18.20660062 0 P 0
L 42.07500094 18.29821334 42.07500094 18.89820706 0 P 0
L 42.14369524 32.99946918 42.14369524 34.59947106 0 P 0
L 42.24588706 33.0394691 42.24588706 34.55947114 3 P 0
L 42.24588706 33.0394691 43.04588546 33.0394691 3 P 0
L 42.24588706 34.55947114 43.04588546 34.55947114 3 P 0
L 42.29588696 31.94947382 42.99588556 31.94947382 0 P 0
L 42.3458894 33.79947012 42.94588312 33.79947012 7 P 0
L 42.40294288 19.25234148 42.40294288 20.45233908 0 P 0
L 42.41588672 29.22039876 42.41588672 30.82040064 0 P 0
L 42.64588626 31.59947452 42.64588626 32.29947312 0 P 0
L 42.64588626 33.49947326 42.64588626 34.09947206 7 P 0
L 42.87500188 18.19820846 42.87500188 18.9982094 0 P 0
L 42.90414584 18.1482111 42.90414584 20.04820984 0 P 0
L 42.90414584 18.1482111 45.00414418 18.1482111 0 P 0
L 42.90414584 20.04820984 45.00414418 20.04820984 0 P 0
L 43.04588546 33.0394691 43.04588546 34.55947114 3 P 0
L 43.06588796 33.0394691 43.06588796 34.55947114 3 P 0
L 43.06588796 33.0394691 43.86588636 33.0394691 3 P 0
L 43.06588796 34.55947114 43.86588636 34.55947114 3 P 0
L 43.1658903 33.79947012 43.76588402 33.79947012 7 P 0
L 43.18344424 42.52881004 43.18344424 43.72880764 0 P 0
L 43.22499864 21.1093812 43.22499864 22.3093788 0 P 0
L 43.22499864 21.1093812 45.62499892 21.1093812 0 P 0
L 43.22499864 22.3093788 45.62499892 22.3093788 0 P 0
L 43.36961354 20.16702088 43.36961354 20.96702182 0 P 0
L 43.36961354 20.16702088 44.96961542 20.16702088 0 P 0
L 43.36961354 20.96702182 44.96961542 20.96702182 0 P 0
L 43.45414474 19.0982092 44.45414528 19.0982092 0 P 0
L 43.4650007 28.70268072 43.4650007 30.3026826 0 P 0
L 43.4650007 28.70268072 44.26500164 28.70268072 0 P 0
L 43.4650007 30.3026826 44.26500164 30.3026826 0 P 0
L 43.46588716 33.49946818 43.46588716 34.09946698 7 P 0
L 43.56500304 29.50268166 44.16500184 29.50268166 0 P 0
L 43.63667168 31.32895182 43.63667168 32.9289537 0 P 0
L 43.63667168 31.32895182 44.43667262 31.32895182 0 P 0
L 43.63667168 32.9289537 44.43667262 32.9289537 0 P 0
L 43.73667402 32.12895276 44.33666774 32.12895276 0 P 0
L 43.73808626 30.75567382 43.73808626 33.14327382 0 P 0
L 43.815 52.07 44.45 52.07 0 P 0
L 43.815 52.07 45.085 52.07 0 P 0
L 43.86500244 29.20268226 43.86500244 29.80268106 0 P 0
L 43.86588636 33.0394691 43.86588636 34.55947114 3 P 0
L 43.86961762 20.56702008 44.46961134 20.56702008 0 P 0
L 43.94999592 21.70938 44.90000164 21.70938 0 P 0
L 43.95414374 18.5982102 43.95414374 19.59821074 0 P 0
L 44.03667088 31.8289559 44.03667088 32.42894962 0 P 0
L 44.16961448 20.26702322 44.16961448 20.86701694 0 P 0
L 44.26500164 28.70268072 44.26500164 30.3026826 0 P 0
L 44.42499878 21.23437714 44.42499878 22.18438286 0 P 0
L 44.43667262 31.32895182 44.43667262 32.9289537 0 P 0
L 44.45 51.435 44.45 52.07 0 P 0
L 44.45 51.435 44.45 52.705 0 P 0
L 44.45 52.07 44.45 52.705 0 P 0
L 44.47499868 32.96750074 44.47499868 34.56750262 0 P 0
L 44.47499868 32.96750074 45.27499962 32.96750074 0 P 0
L 44.47499868 34.56750262 45.27499962 34.56750262 0 P 0
L 44.57500356 33.76750168 45.17499728 33.76750168 0 P 0
L 44.87500042 33.46750482 44.87500042 34.06749854 0 P 0
L 44.9277994 28.68619866 44.9277994 31.07379866 0 P 0
L 44.9277994 28.68619866 47.1121994 28.68619866 0 P 0
L 44.9277994 31.07379866 47.1121994 31.07379866 0 P 0
L 44.96961542 20.16702088 44.96961542 20.96702182 0 P 0
L 45.00414418 18.1482111 45.00414418 20.04820984 0 P 0
L 45.03900314 14.7066 45.63899686 14.7066 0 P 0
L 45.27499962 32.96750074 45.27499962 34.56750262 0 P 0
L 45.339 14.40660314 45.339 15.00659686 0 P 0
L 45.35000074 32.97499882 45.35000074 34.5750007 0 P 0
L 45.35000074 32.97499882 46.15000168 32.97499882 0 P 0
L 45.35000074 34.5750007 46.15000168 34.5750007 0 P 0
L 45.45000054 33.77499976 46.04999934 33.77499976 0 P 0
L 45.4700005 30.94415706 45.4700005 32.4641591 3 P 0
L 45.4700005 30.94415706 46.2699989 30.94415706 3 P 0
L 45.4700005 32.4641591 46.2699989 32.4641591 3 P 0
L 45.57000284 31.70415808 46.16999656 31.70415808 7 P 0
L 45.62499892 21.1093812 45.62499892 22.3093788 0 P 0
L 45.6700001 29.87999866 46.3699987 29.87999866 0 P 0
L 45.74999994 33.47500036 45.74999994 34.07499916 0 P 0
L 45.8699997 31.40416122 45.8699997 32.00416002 7 P 0
L 46.0199994 29.52999936 46.0199994 30.22999796 0 P 0
L 46.15000168 32.97499882 46.15000168 34.5750007 0 P 0
L 46.22500026 32.97499882 46.22500026 34.5750007 0 P 0
L 46.22500026 32.97499882 47.0250012 32.97499882 0 P 0
L 46.22500026 34.5750007 47.0250012 34.5750007 0 P 0
L 46.24999894 30.91661838 46.24999894 32.43662042 3 P 0
L 46.24999894 30.91661838 47.04999734 30.91661838 3 P 0
L 46.24999894 32.43662042 47.04999734 32.43662042 3 P 0
L 46.2699989 30.94415706 46.2699989 32.4641591 3 P 0
L 46.32500006 33.77499976 46.92499886 33.77499976 0 P 0
L 46.35000128 31.6766194 46.949995 31.6766194 7 P 0
L 46.355 3.81 47.625 3.81 0 P 0
L 46.62499946 33.47500036 46.62499946 34.07499916 0 P 0
L 46.64999814 31.37661746 46.64999814 31.97661626 7 P 0
L 46.99 3.175 46.99 3.81 0 P 0
L 46.99 3.175 46.99 3.81 0 P 0
L 46.99 3.81 46.99 4.445 0 P 0
L 46.99 3.81 46.99 4.445 0 P 0
L 46.99 3.81 47.625 3.81 0 P 0
L 47.0250012 32.97499882 47.0250012 34.5750007 0 P 0
L 47.04999734 30.91661838 47.04999734 32.43662042 3 P 0
L 47.1121994 28.68619866 47.1121994 31.07379866 0 P 0
L 48.63900102 11.20659938 48.63900102 18.20660062 0 P 0
L 48.7172 38.31800058 50.6222 39.58800058 0 P 0
L 48.7172 41.87400058 50.6222 40.60400058 0 P 0
L 49.93499792 15.54091888 56.43500016 15.54091888 0 P 0
L 49.93499792 15.61592 49.93499792 24.36592028 0 P 0
L 49.93499792 24.4409214 56.43500016 24.4409214 0 P 0
L 50.43700098 24.91000098 50.43700098 33.50999902 0 P 0
L 50.43700098 24.91000098 59.03699902 24.91000098 0 P 0
L 50.43700098 33.50999902 59.03699902 33.50999902 0 P 0
L 52.68500004 19.99092014 53.68499804 19.99092014 1 P 0
L 53.18499904 19.49092114 53.18499904 20.49092168 1 P 0
L 54.237001 29.21 55.236999 29.21 0 P 0
L 54.45000032 46.7156038 54.45000032 48.31560568 0 P 0
L 54.45000032 46.7156038 55.25000126 46.7156038 0 P 0
L 54.45000032 48.31560568 55.25000126 48.31560568 0 P 0
L 54.55000266 47.51560474 55.14999638 47.51560474 0 P 0
L 54.737 28.710001 54.737 29.709999 0 P 0
L 54.84999952 47.21560788 54.84999952 47.8156016 0 P 0
L 54.864 0.889 54.864 6.731 0 P 0
L 54.864 49.276 54.864 54.991 0 P 0
L 55.24000128 46.7156038 55.24000128 48.31560568 0 P 0
L 55.24000128 46.7156038 56.04000222 46.7156038 0 P 0
L 55.24000128 48.31560568 56.04000222 48.31560568 0 P 0
L 55.25000126 46.7156038 55.25000126 48.31560568 0 P 0
L 55.34000362 47.51560474 55.93999734 47.51560474 0 P 0
L 55.64000048 47.21560788 55.64000048 47.8156016 0 P 0
L 55.77000022 0.09180068 55.77000022 4.66680042 0 P 0
L 55.77000022 0.09180068 60.77000038 0.09180068 0 P 0
L 55.77000022 4.66680042 60.77000038 4.66680042 0 P 0
L 56.04000222 46.7156038 56.04000222 48.31560568 0 P 0
L 56.04999966 46.7156038 56.04999966 48.31560568 0 P 0
L 56.04999966 46.7156038 56.8500006 46.7156038 0 P 0
L 56.04999966 48.31560568 56.8500006 48.31560568 0 P 0
L 56.150002 47.51560474 56.74999572 47.51560474 0 P 0
L 56.43500016 15.61592 56.43500016 24.36592028 0 P 0
L 56.44999886 47.21560788 56.44999886 47.8156016 0 P 0
L 56.58099936 5.32800052 56.58099936 6.12799892 0 P 0
L 56.58099936 5.32800052 58.18100124 5.32800052 0 P 0
L 56.58099936 6.12799892 58.18100124 6.12799892 0 P 0
L 56.8500006 46.7156038 56.8500006 48.31560568 0 P 0
L 56.8770008 46.7156038 56.8770008 48.31560568 0 P 0
L 56.8770008 46.7156038 57.67700174 46.7156038 0 P 0
L 56.8770008 48.31560568 57.67700174 48.31560568 0 P 0
L 56.89600254 49.276 56.89600254 54.991 0 P 0
L 56.89600254 49.276 77.72400254 49.276 0 P 0
L 56.89600254 54.991 77.72400254 54.991 0 P 0
L 56.97700314 47.51560474 57.57699686 47.51560474 0 P 0
L 57.0810009 5.72799972 57.68100224 5.72799972 0 P 0
L 57.277 47.21560788 57.277 47.8156016 0 P 0
L 57.3810003 5.42800032 57.3810003 6.02799912 0 P 0
L 57.67700174 46.7156038 57.67700174 48.31560568 0 P 0
L 57.9700009 1.84179972 58.2700003 1.84179972 0 P 0
L 58.18100124 5.32800052 58.18100124 6.12799892 0 P 0
L 58.2700003 1.54180032 58.2700003 1.84179972 0 P 0
L 58.2700003 1.54180032 58.2700003 2.14179912 0 P 0
L 58.2700003 1.84179972 58.2700003 2.14179912 0 P 0
L 58.2700003 1.84179972 58.5699997 1.84179972 0 P 0
L 58.35899936 5.32800052 58.35899936 6.12799892 0 P 0
L 58.35899936 5.32800052 59.95900124 5.32800052 0 P 0
L 58.35899936 6.12799892 59.95900124 6.12799892 0 P 0
L 58.79999924 12.09999866 58.79999924 12.8999996 3 P 0
L 58.79999924 12.09999866 58.82500046 12.09999866 3 P 0
L 58.80000178 10.69999892 58.80000178 11.49999986 3 P 0
L 58.80000178 10.69999892 59.99999938 10.69999892 3 P 0
L 58.80000178 11.49999986 58.82500046 11.49999986 3 P 0
L 58.80000178 12.8999996 59.99999938 12.8999996 3 P 0
L 58.82500046 11.49999986 58.82500046 12.09999866 3 P 0
L 58.8590009 5.72799972 59.45900224 5.72799972 0 P 0
L 58.9250028 11.79999926 59.8750009 11.79999926 0 P 0
L 59.03699902 24.91000098 59.03699902 33.50999902 0 P 0
L 59.1590003 5.42800032 59.1590003 6.02799912 0 P 0
L 59.40000058 11.32499894 59.40000058 12.27499958 0 P 0
L 59.95900124 5.32800052 59.95900124 6.12799892 0 P 0
L 59.9750007 11.49999986 59.9750007 12.09999866 3 P 0
L 59.9750007 11.49999986 59.99999938 11.49999986 3 P 0
L 59.9750007 12.09999866 59.99999938 12.09999866 3 P 0
L 59.99999938 10.69999892 59.99999938 11.49999986 3 P 0
L 59.99999938 12.09999866 59.99999938 12.8999996 3 P 0
L 60.26738264 15.98820272 60.26738264 17.18820032 3 P 0
L 60.26738264 15.98820272 61.06738358 15.98820272 3 P 0
L 60.26738264 17.18820032 61.06738358 17.18820032 3 P 0
L 60.77000038 0.09180068 60.77000038 4.66680042 0 P 0
L 60.89238266 16.58820152 61.8423833 16.58820152 0 P 0
L 61.06738358 15.98820272 61.06738358 16.0132014 3 P 0
L 61.06738358 16.0132014 61.66738238 16.0132014 3 P 0
L 61.06738358 17.16320164 61.06738358 17.18820032 3 P 0
L 61.06738358 17.16320164 61.66738238 17.16320164 3 P 0
L 61.17500084 3.86499862 61.17500084 5.38500066 0 P 0
L 61.17500084 3.86499862 61.97499924 3.86499862 0 P 0
L 61.17500084 5.38500066 61.97499924 5.38500066 0 P 0
L 61.27500064 4.62499964 61.87499944 4.62499964 0 P 0
L 61.36738298 16.1132012 61.36738298 17.0631993 0 P 0
L 61.49200046 5.32545798 61.49200046 9.52545974 0 P 0
L 61.49200046 5.32545798 64.49199954 5.32545798 0 P 0
L 61.49200046 9.52545974 64.49199954 9.52545974 0 P 0
L 61.57500004 4.3249977 61.57500004 4.92499904 0 P 0
L 61.66738238 15.98820272 61.66738238 16.0132014 3 P 0
L 61.66738238 15.98820272 62.46738332 15.98820272 3 P 0
L 61.66738238 17.16320164 61.66738238 17.18820286 3 P 0
L 61.66738238 17.18820286 62.46738332 17.18820286 3 P 0
L 61.6679996 9.51500002 61.6679996 11.03500206 0 P 0
L 61.6679996 9.51500002 62.467998 9.51500002 0 P 0
L 61.6679996 11.03500206 62.467998 11.03500206 0 P 0
L 61.7679994 10.27500104 62.3679982 10.27500104 0 P 0
L 61.88220034 -0.07500112 61.88220034 8.12499772 2 P 0
L 61.88220034 -0.07500112 70.68219798 -0.07500112 2 P 0
L 61.88220034 8.12499772 70.68219798 8.12499772 2 P 0
L 61.97499924 3.86499862 61.97499924 5.38500066 0 P 0
L 62.0679988 9.97500164 62.0679988 10.57500298 0 P 0
L 62.103 36.83 62.103 44.958 0 P 0
L 62.103 36.83 71.501 36.83 0 P 0
L 62.103 44.958 71.501 44.958 0 P 0
L 62.46738332 15.98820272 62.46738332 17.18820032 3 P 0
L 62.467998 9.51500002 62.467998 11.03500206 0 P 0
L 62.55239966 33.8167345 62.55239966 35.0167321 3 P 0
L 62.55239966 33.8167345 63.3524006 33.8167345 3 P 0
L 62.55239966 35.0167321 63.3524006 35.0167321 3 P 0
L 62.7920004 7.42545886 63.1919996 7.42545886 0 P 0
L 62.80200038 9.54600072 62.80200038 15.34599928 6 P 0
L 62.80200038 9.54600072 70.80199962 9.54600072 6 P 0
L 62.80200038 15.34599928 70.80199962 15.34599928 6 P 0
L 62.80200038 18.69000072 62.80200038 24.48999928 6 P 0
L 62.80200038 18.69000072 70.80199962 18.69000072 6 P 0
L 62.80200038 24.48999928 70.80199962 24.48999928 6 P 0
L 62.80200038 27.83400072 62.80200038 33.63399928 6 P 0
L 62.80200038 27.83400072 70.80199962 27.83400072 6 P 0
L 62.80200038 33.63399928 70.80199962 33.63399928 6 P 0
L 62.992 7.22545926 62.992 7.62545846 0 P 0
L 63.00479906 24.19239256 63.00479906 24.9923935 0 P 0
L 63.00479906 24.19239256 64.60480094 24.19239256 0 P 0
L 63.00479906 24.9923935 64.60480094 24.9923935 0 P 0
L 63.00479906 25.07499938 63.00479906 25.87500032 0 P 0
L 63.00479906 25.07499938 64.60480094 25.07499938 0 P 0
L 63.00479906 25.87500032 64.60480094 25.87500032 0 P 0
L 63.01541372 23.31219874 63.01541372 24.11219968 0 P 0
L 63.01541372 23.31219874 64.6154156 23.31219874 0 P 0
L 63.01541372 24.11219968 64.6154156 24.11219968 0 P 0
L 63.17739968 34.4167333 64.12740032 34.4167333 0 P 0
L 63.3524006 33.8167345 63.3524006 33.84173318 3 P 0
L 63.3524006 33.84173318 63.9523994 33.84173318 3 P 0
L 63.3524006 34.99173342 63.3524006 35.0167321 3 P 0
L 63.3524006 34.99173342 63.9523994 34.99173342 3 P 0
L 63.5048006 25.47500112 64.1047994 25.47500112 0 P 0
L 63.50480314 24.5923943 64.10479686 24.5923943 0 P 0
L 63.51541526 23.71220048 64.11541406 23.71220048 0 P 0
L 63.6524 33.94173298 63.6524 34.89173108 0 P 0
L 63.8048 24.29239744 63.8048 24.89239116 0 P 0
L 63.8048 25.17500172 63.8048 25.77500052 0 P 0
L 63.81541466 23.41220108 63.81541466 24.01219988 0 P 0
L 63.9523994 33.8167345 63.9523994 33.84173318 3 P 0
L 63.9523994 33.8167345 64.75240034 33.8167345 3 P 0
L 63.9523994 34.99173342 63.9523994 35.01673464 3 P 0
L 63.9523994 35.01673464 64.75240034 35.01673464 3 P 0
L 64.49199954 5.32545798 64.49199954 9.52545974 0 P 0
L 64.60480094 24.19239256 64.60480094 24.9923935 0 P 0
L 64.60480094 25.07499938 64.60480094 25.87500032 0 P 0
L 64.6154156 23.31219874 64.6154156 24.11219968 0 P 0
L 64.75240034 33.8167345 64.75240034 35.0167321 3 P 0
L 65.64999824 9.32499786 65.64999824 10.1249988 0 P 0
L 65.64999824 9.32499786 67.25000012 9.32499786 0 P 0
L 65.64999824 10.1249988 67.25000012 10.1249988 0 P 0
L 65.98219976 5.02499884 66.58219856 5.02499884 0 P 0
L 66.14999978 9.7249996 66.74999858 9.7249996 0 P 0
L 66.28219916 4.7249969 66.28219916 5.32499824 0 P 0
L 66.44999918 9.4250002 66.44999918 10.024999 0 P 0
L 66.67500254 52.07 67.31000254 52.07 0 P 0
L 66.67500254 52.07 67.94500254 52.07 0 P 0
L 67.25000012 9.32499786 67.25000012 10.1249988 0 P 0
L 67.31000254 51.435 67.31000254 52.07 0 P 0
L 67.31000254 51.435 67.31000254 52.705 0 P 0
L 67.31000254 52.07 67.31000254 52.705 0 P 0
L 69.27739764 5.94806024 69.27739764 8.94805932 0 P 0
L 69.27739764 5.94806024 73.4773994 5.94806024 0 P 0
L 69.27739764 8.94805932 73.4773994 8.94805932 0 P 0
L 70.51299842 5.07800102 70.51299842 5.87799942 0 P 0
L 70.51299842 5.07800102 72.03300046 5.07800102 0 P 0
L 70.51299842 5.87799942 72.03300046 5.87799942 0 P 0
L 70.57499728 35.40134906 70.57499728 37.00135094 0 P 0
L 70.57499728 35.40134906 71.37499822 35.40134906 0 P 0
L 70.57499728 37.00135094 71.37499822 37.00135094 0 P 0
L 70.57499982 33.77447906 70.57499982 35.37448094 0 P 0
L 70.57499982 33.77447906 71.37500076 33.77447906 0 P 0
L 70.57499982 35.37448094 71.37500076 35.37448094 0 P 0
L 70.67499962 34.57448 71.27499842 34.57448 1 P 0
L 70.67499962 36.20135 71.27499842 36.20135 0 P 0
L 70.68219798 -0.07500112 70.68219798 8.12499772 2 P 0
L 70.80199962 9.54600072 70.80199962 15.34599928 6 P 0
L 70.80199962 18.69000072 70.80199962 24.48999928 6 P 0
L 70.80199962 27.83400072 70.80199962 33.63399928 6 P 0
L 70.97300004 5.47800022 71.57300138 5.47800022 0 P 0
L 70.97499902 34.2744806 70.97499902 34.8744794 1 P 0
L 70.97499902 35.9013506 70.97499902 36.5013494 0 P 0
L 71.17739892 7.44805978 71.57739812 7.44805978 0 P 0
L 71.27299944 5.17800082 71.27299944 5.77799962 0 P 0
L 71.33717 20.37601462 71.33717 21.17601302 0 P 0
L 71.33717 20.37601462 72.85717204 20.37601462 0 P 0
L 71.33717 21.17601302 72.85717204 21.17601302 0 P 0
L 71.37499822 35.40134906 71.37499822 37.00135094 0 P 0
L 71.37500076 33.77447906 71.37500076 35.37448094 0 P 0
L 71.37739852 7.24806018 71.37739852 7.64805938 0 P 0
L 71.501 36.83 71.501 44.958 0 P 0
L 71.50573964 17.41641932 71.50573964 18.21642026 0 P 0
L 71.50573964 17.41641932 73.10574152 17.41641932 0 P 0
L 71.50573964 18.21642026 73.10574152 18.21642026 0 P 0
L 71.53420034 22.58958906 71.53420034 29.39678906 0 P 0
L 71.53420034 22.58958906 76.71580034 22.58958906 0 P 0
L 71.53420034 29.39678906 76.71580034 29.39678906 0 P 0
L 71.58348396 18.13997896 71.58348396 20.52757896 0 P 0
L 71.58348396 18.13997896 73.76788396 18.13997896 0 P 0
L 71.58348396 20.52757896 73.76788396 20.52757896 0 P 0
L 71.62499772 35.39735872 71.62499772 36.9973606 0 P 0
L 71.62499772 35.39735872 72.42499866 35.39735872 0 P 0
L 71.62499772 36.9973606 72.42499866 36.9973606 0 P 0
L 71.62500026 33.77447906 71.62500026 35.37448094 0 P 0
L 71.62500026 33.77447906 72.4250012 33.77447906 0 P 0
L 71.62500026 35.37448094 72.4250012 35.37448094 0 P 0
L 71.69109614 16.32769404 71.69109614 17.12769498 0 P 0
L 71.69109614 16.32769404 73.29109802 16.32769404 0 P 0
L 71.69109614 17.12769498 73.29109802 17.12769498 0 P 0
L 71.72500006 34.57448 72.32499886 34.57448 1 P 0
L 71.72500006 36.19735966 72.32499886 36.19735966 0 P 0
L 71.79716908 20.77601382 72.39717042 20.77601382 0 P 0
L 71.94959956 8.96185914 71.94959956 10.86185788 0 P 0
L 71.94959956 8.96185914 74.0495979 8.96185914 0 P 0
L 71.94959956 10.86185788 74.0495979 10.86185788 0 P 0
L 72.00574118 17.81641852 72.60573998 17.81641852 0 P 0
L 72.02499946 34.2744806 72.02499946 34.8744794 1 P 0
L 72.02499946 35.89736026 72.02499946 36.49735906 0 P 0
L 72.03300046 5.07800102 72.03300046 5.87799942 0 P 0
L 72.09717102 20.47601442 72.09717102 21.07601322 0 P 0
L 72.136 1.29906014 82.296 1.29906014 1 P 0
L 72.19109768 16.72769324 72.79109648 16.72769324 0 P 0
L 72.30574058 17.51641912 72.30574058 18.11641792 0 P 0
L 72.32568466 19.33377896 73.02568326 19.33377896 0 P 0
L 72.41599944 0.02556002 82.01600056 0.02556002 0 P 0
L 72.41599944 6.59956008 82.01600056 6.59956008 0 P 0
L 72.41600198 0.02556002 72.41649982 6.59956008 0 P 0
L 72.42499866 35.39735872 72.42499866 36.9973606 0 P 0
L 72.4250012 33.77447906 72.4250012 35.37448094 0 P 0
L 72.49109708 16.42769384 72.49109708 17.02769264 0 P 0
L 72.49959846 9.91185978 73.499599 9.91185978 0 P 0
L 72.67568396 18.98377966 72.67568396 19.68377826 0 P 0
L 72.85717204 20.37601462 72.85717204 21.17601302 0 P 0
L 72.9996 9.41185824 72.9996 10.41185878 0 P 0
L 73.10574152 17.41641932 73.10574152 18.21642026 0 P 0
L 73.2049082 20.17709706 73.2049082 21.6970991 0 P 0
L 73.2049082 20.17709706 74.0049066 20.17709706 0 P 0
L 73.2049082 21.6970991 74.0049066 21.6970991 0 P 0
L 73.29109802 16.32769404 73.29109802 17.12769498 0 P 0
L 73.304908 20.93709808 73.9049068 20.93709808 0 P 0
L 73.4773994 5.94806024 73.4773994 8.94805932 0 P 0
L 73.6049074 20.63709614 73.6049074 21.23709748 0 P 0
L 73.6950012 6.14645964 73.6950012 8.54645992 0 P 0
L 73.6950012 6.14645964 74.8949988 6.14645964 0 P 0
L 73.6950012 8.54645992 74.8949988 8.54645992 0 P 0
L 73.76788396 18.13997896 73.76788396 20.52757896 0 P 0
L 73.77500104 25.99318906 74.47499964 25.99318906 0 P 0
L 73.81999968 7.34645978 74.76999778 7.34645978 0 P 0
L 73.99863788 8.57845884 73.99863788 10.17846072 0 P 0
L 73.99863788 8.57845884 74.79863882 8.57845884 0 P 0
L 73.99863788 10.17846072 74.79863882 10.17846072 0 P 0
L 74.0049066 20.17709706 74.0049066 21.6970991 0 P 0
L 74.0495979 8.96185914 74.0495979 10.86185788 0 P 0
L 74.04999922 16.5249987 74.04999922 17.32499964 0 P 0
L 74.04999922 16.5249987 75.6500011 16.5249987 0 P 0
L 74.04999922 17.32499964 75.6500011 17.32499964 0 P 0
L 74.09864022 9.37845978 74.69863902 9.37845978 0 P 0
L 74.12500034 25.64318976 74.12500034 26.34318836 0 P 0
L 74.295 6.87145946 74.295 7.8214601 0 P 0
L 74.39863962 9.07846038 74.39863962 9.67845918 0 P 0
L 74.5500033 16.92500044 75.14999702 16.92500044 0 P 0
L 74.61633286 20.33500124 74.61633286 21.13499964 0 P 0
L 74.61633286 20.33500124 76.1363349 20.33500124 0 P 0
L 74.61633286 21.13499964 76.1363349 21.13499964 0 P 0
L 74.74359956 17.40145618 74.74359956 18.20145712 0 P 0
L 74.74359956 17.40145618 76.34360144 17.40145618 0 P 0
L 74.74359956 18.20145712 76.34360144 18.20145712 0 P 0
L 74.79863882 8.57845884 74.79863882 10.17846072 0 P 0
L 74.85000016 16.62500358 74.85000016 17.2249973 0 P 0
L 74.85062246 18.1061995 74.85062246 20.4937995 0 P 0
L 74.85062246 18.1061995 77.03502246 18.1061995 0 P 0
L 74.85062246 20.4937995 77.03502246 20.4937995 0 P 0
L 74.8729008 8.57845884 74.8729008 10.17846072 0 P 0
L 74.8729008 8.57845884 75.67290174 8.57845884 0 P 0
L 74.8729008 10.17846072 75.67290174 10.17846072 0 P 0
L 74.8949988 6.14645964 74.8949988 8.54645992 0 P 0
L 74.9729006 9.37845978 75.5728994 9.37845978 0 P 0
L 75.07633194 20.73500044 75.67633328 20.73500044 0 P 0
L 75.2436011 17.80145792 75.8435999 17.80145792 0 P 0
L 75.2729 9.07846038 75.2729 9.67845918 0 P 0
L 75.37633388 20.43500104 75.37633388 21.03499984 0 P 0
L 75.5436005 17.50145852 75.5436005 18.10145732 0 P 0
L 75.59282316 19.2999995 76.29282176 19.2999995 0 P 0
L 75.6500011 16.5249987 75.6500011 17.32499964 0 P 0
L 75.66576434 21.82643844 75.66576434 22.62643684 0 P 0
L 75.66576434 21.82643844 77.26576622 21.82643844 0 P 0
L 75.66576434 22.62643684 77.26576622 22.62643684 0 P 0
L 75.67290174 8.57845884 75.67290174 10.17846072 0 P 0
L 75.8000008 8.57845884 75.8000008 10.17846072 0 P 0
L 75.8000008 8.57845884 76.5999992 8.57845884 0 P 0
L 75.8000008 10.17846072 76.5999992 10.17846072 0 P 0
L 75.9000006 9.37845978 76.4999994 9.37845978 0 P 0
L 75.94282246 18.9500002 75.94282246 19.6499988 0 P 0
L 76.01264198 15.57500314 76.01264198 17.17500502 0 P 0
L 76.01264198 15.57500314 76.81264292 15.57500314 0 P 0
L 76.01264198 17.17500502 76.81264292 17.17500502 0 P 0
L 76.11264432 16.37500408 76.71263804 16.37500408 0 P 0
L 76.11480078 6.55006056 76.11480078 8.600059 0 P 0
L 76.11480078 6.55006056 78.16479922 6.55006056 0 P 0
L 76.11480078 8.600059 78.16479922 8.600059 0 P 0
L 76.1363349 20.33500124 76.1363349 21.13499964 0 P 0
L 76.16576588 22.22643764 76.76576722 22.22643764 0 P 0
L 76.2 9.07846038 76.2 9.67846172 0 P 0
L 76.34360144 17.40145618 76.34360144 18.20145712 0 P 0
L 76.41264118 16.07500722 76.41264118 16.67500094 0 P 0
L 76.46576528 21.92643824 76.46576528 22.52643704 0 P 0
L 76.58714172 20.12499912 76.58714172 21.64500116 0 P 0
L 76.58714172 20.12499912 77.38714012 20.12499912 0 P 0
L 76.58714172 21.64500116 77.38714012 21.64500116 0 P 0
L 76.5999992 8.57845884 76.5999992 10.17846072 0 P 0
L 76.63979592 7.57505978 77.63979646 7.57505978 1 P 0
L 76.68714152 20.88500014 77.28714032 20.88500014 0 P 0
L 76.71580034 22.58958906 76.71580034 29.39678906 0 P 0
L 76.716001 2.74905978 77.715999 2.74905978 1 P 0
L 76.81264292 15.57500314 76.81264292 17.17500502 0 P 0
L 76.98714092 20.5849982 76.98714092 21.18499954 0 P 0
L 77.03502246 18.1061995 77.03502246 20.4937995 0 P 0
L 77.13979746 7.07506078 77.13979746 8.07506132 1 P 0
L 77.216 2.24906078 77.216 3.24905878 1 P 0
L 77.26576622 21.82643844 77.26576622 22.62643684 0 P 0
L 77.3001629 25.71323788 77.3001629 27.31323976 0 P 0
L 77.3001629 25.71323788 78.10016384 25.71323788 0 P 0
L 77.3001629 27.31323976 78.10016384 27.31323976 0 P 0
L 77.3550904 16.77539952 77.3550904 18.3754014 0 P 0
L 77.3550904 16.77539952 78.15509134 16.77539952 0 P 0
L 77.3550904 18.3754014 78.15509134 18.3754014 0 P 0
L 77.38714012 20.12499912 77.38714012 21.64500116 0 P 0
L 77.40016524 26.51323882 78.00016404 26.51323882 0 P 0
L 77.45509274 17.57540046 78.05508646 17.57540046 0 P 0
L 77.70016464 26.21323942 77.70016464 26.81323822 0 P 0
L 77.72400254 49.276 77.72400254 54.991 0 P 0
L 77.7550896 17.2754036 77.7550896 17.87539732 0 P 0
L 78.10016384 25.71323788 78.10016384 27.31323976 0 P 0
L 78.15509134 16.77539952 78.15509134 18.3754014 0 P 0
L 78.16479922 6.55006056 78.16479922 8.600059 0 P 0
L 79.59099906 6.20986058 79.59099906 7.00985898 0 P 0
L 79.59099906 6.20986058 81.19100094 6.20986058 0 P 0
L 79.59099906 7.00985898 81.19100094 7.00985898 0 P 0
L 79.59099906 7.25126058 79.59099906 8.05126152 0 P 0
L 79.59099906 7.25126058 81.19100094 7.25126058 0 P 0
L 79.59099906 8.05126152 81.19100094 8.05126152 0 P 0
L 80.0910006 6.60985978 80.69100194 6.60985978 0 P 0
L 80.0910006 7.65125978 80.6909994 7.65125978 0 P 0
L 80.391 6.30986038 80.391 6.90985918 0 P 0
L 80.391 7.35126038 80.391 7.95125918 0 P 0
L 80.51798476 20.066 80.51798476 51.054 5 P 0
L 80.51798476 20.066 89.66198476 20.066 5 P 0
L 80.51798476 51.054 89.66198476 51.054 5 P 0
L 81.19100094 6.20986058 81.19100094 7.00985898 0 P 0
L 81.19100094 7.25126058 81.19100094 8.05126152 0 P 0
L 82.01600056 0.02556002 82.01600056 6.59956008 0 P 0
L 83.01099984 0.76399898 83.01099984 7.36400102 0 P 0
L 83.01099984 0.76399898 93.01100016 0.76399898 0 P 0
L 83.01099984 7.36400102 93.01100016 7.36400102 0 P 0
L 83.01099984 10.16199898 83.01099984 16.76200102 0 P 0
L 83.01099984 10.16199898 93.01100016 10.16199898 0 P 0
L 83.01099984 16.76200102 93.01100016 16.76200102 0 P 0
L 83.16601604 3.9599997 83.16601604 5.41000188 0 P 0
L 83.16601604 3.9599997 83.96601444 3.9599997 0 P 0
L 83.16601604 5.41000188 83.96601444 5.41000188 0 P 0
L 83.2410578 4.66000084 83.8410566 4.66000084 0 P 0
L 83.42524336 13.27600088 83.42524336 14.72600306 0 P 0
L 83.42524336 13.27600088 84.22524176 13.27600088 0 P 0
L 83.42524336 14.72600306 84.22524176 14.72600306 0 P 0
L 83.50028512 13.97600202 84.10028392 13.97600202 0 P 0
L 83.56601524 4.33500022 83.56601524 4.96000024 0 P 0
L 83.82524256 13.6510014 83.82524256 14.27600142 0 P 0
L 83.96601444 3.9599997 83.96601444 5.41000188 0 P 0
L 84.22524176 13.27600088 84.22524176 14.72600306 0 P 0
L 84.8900004 35.56 85.2899996 35.56 0 P 0
L 84.8900004 35.56 85.2899996 35.56 0 P 0
L 85.09 35.3600004 85.09 35.7599996 0 P 0
L 85.09 35.3600004 85.09 35.7599996 0 P 0
L 87.511001 4.064 88.510999 4.064 0 P 0
L 87.511001 13.462 88.510999 13.462 0 P 0
L 88.011 3.564001 88.011 4.563999 0 P 0
L 88.011 12.962001 88.011 13.961999 0 P 0
L 89.66198476 20.066 89.66198476 51.054 5 P 0
L 92.09999868 18.67499948 92.09999868 20.54999954 0 P 0
L 92.09999868 18.67499948 96.10000084 18.67499948 0 P 0
L 92.09999868 20.54999954 96.10000084 20.54999954 0 P 0
L 92.18682858 27.57692986 92.18682858 28.77692746 0 P 0
L 92.18682858 27.57692986 94.58682886 27.57692986 0 P 0
L 92.18682858 28.77692746 94.58682886 28.77692746 0 P 0
L 92.18682858 29.00192828 92.18682858 30.20192588 0 P 0
L 92.18682858 29.00192828 94.58682886 29.00192828 0 P 0
L 92.18682858 30.20192588 94.58682886 30.20192588 0 P 0
L 92.9118284 28.17692866 93.86182904 28.17692866 0 P 0
L 92.9118284 29.60192708 93.86182904 29.60192708 0 P 0
L 93.00859986 49.9968012 93.00859986 51.1967988 0 P 0
L 93.00859986 49.9968012 95.40860014 49.9968012 0 P 0
L 93.00859986 51.1967988 95.40860014 51.1967988 0 P 0
L 93.01100016 0.76399898 93.01100016 7.36400102 0 P 0
L 93.01100016 10.16199898 93.01100016 16.76200102 0 P 0
L 93.0207309 53.50000222 93.0207309 54.69999982 0 P 0
L 93.0207309 53.50000222 95.42073118 53.50000222 0 P 0
L 93.0207309 54.69999982 95.42073118 54.69999982 0 P 0
L 93.38682872 27.70193088 93.38682872 28.65192898 0 P 0
L 93.38682872 29.1269293 93.38682872 30.0769274 0 P 0
L 93.60000076 19.5999989 94.6000013 19.5999989 0 P 0
L 93.73359714 50.5968 94.68360286 50.5968 0 P 0
L 93.74572818 54.10000102 94.6957339 54.10000102 0 P 0
L 94.09999976 19.09999736 94.09999976 20.0999979 0 P 0
L 94.18699984 0.76399898 94.18699984 7.36400102 0 P 0
L 94.18699984 0.76399898 104.18700016 0.76399898 0 P 0
L 94.18699984 7.36400102 104.18700016 7.36400102 0 P 0
L 94.18699984 10.16199898 94.18699984 16.76200102 0 P 0
L 94.18699984 10.16199898 104.18700016 10.16199898 0 P 0
L 94.18699984 16.76200102 104.18700016 16.76200102 0 P 0
L 94.2086 50.12179714 94.2086 51.07180286 0 P 0
L 94.22073104 53.62499816 94.22073104 54.57500388 0 P 0
L 94.34201604 3.9599997 94.34201604 5.41000188 0 P 0
L 94.34201604 3.9599997 95.14201444 3.9599997 0 P 0
L 94.34201604 5.41000188 95.14201444 5.41000188 0 P 0
L 94.34201604 13.3579997 94.34201604 14.80800188 0 P 0
L 94.34201604 13.3579997 95.14201444 13.3579997 0 P 0
L 94.34201604 14.80800188 95.14201444 14.80800188 0 P 0
L 94.4170578 4.66000084 95.0170566 4.66000084 0 P 0
L 94.4170578 14.05800084 95.0170566 14.05800084 0 P 0
L 94.5150002 20.63500064 94.5150002 31.43499936 0 P 0
L 94.5150002 20.63500064 109.21499874 20.63500064 0 P 0
L 94.5150002 31.43499936 109.21499874 31.43499936 0 P 0
L 94.58682886 27.57692986 94.58682886 28.77692746 0 P 0
L 94.58682886 29.00192828 94.58682886 30.20192588 0 P 0
L 94.74201524 4.33500022 94.74201524 4.96000024 0 P 0
L 94.74201524 13.73300022 94.74201524 14.35800024 0 P 0
L 95.14201444 3.9599997 95.14201444 5.41000188 0 P 0
L 95.14201444 13.3579997 95.14201444 14.80800188 0 P 0
L 95.40860014 49.9968012 95.40860014 51.1967988 0 P 0
L 95.42073118 53.50000222 95.42073118 54.69999982 0 P 0
L 95.71359826 50.05079906 95.71359826 51.65080094 0 P 0
L 95.71359826 50.05079906 96.5135992 50.05079906 0 P 0
L 95.71359826 51.65080094 96.5135992 51.65080094 0 P 0
L 95.71359826 53.01619826 95.71359826 54.61620014 0 P 0
L 95.71359826 53.01619826 96.5135992 53.01619826 0 P 0
L 95.71359826 54.61620014 96.5135992 54.61620014 0 P 0
L 95.8136006 50.8508 96.4135994 50.8508 1 P 0
L 95.8136006 53.8161992 96.4135994 53.8161992 1 P 0
L 96.10000084 18.67499948 96.10000084 20.54999954 0 P 0
L 96.1136 50.5508006 96.1136 51.1507994 1 P 0
L 96.1136 53.5161998 96.1136 54.1161986 1 P 0
L 96.5135992 50.05079906 96.5135992 51.65080094 0 P 0
L 96.5135992 53.01619826 96.5135992 54.61620014 0 P 0
L 96.7804008 43.29439906 96.7804008 44.89440094 0 P 0
L 96.7804008 43.29439906 97.58040174 43.29439906 0 P 0
L 96.7804008 44.89440094 97.58040174 44.89440094 0 P 0
L 96.8804006 44.0944 97.4803994 44.0944 0 P 0
L 96.98359826 50.03179986 96.98359826 51.63180174 0 P 0
L 96.98359826 50.03179986 97.7835992 50.03179986 0 P 0
L 96.98359826 51.63180174 97.7835992 51.63180174 0 P 0
L 96.98359826 52.99719906 96.98359826 54.59720094 0 P 0
L 96.98359826 52.99719906 97.7835992 52.99719906 0 P 0
L 96.98359826 54.59720094 97.7835992 54.59720094 0 P 0
L 97.06939946 45.20859894 97.06939946 47.95860106 0 P 0
L 97.06939946 45.20859894 99.06940054 45.20859894 0 P 0
L 97.06939946 47.95860106 99.06940054 47.95860106 0 P 0
L 97.0836006 50.8318008 97.6835994 50.8318008 1 P 0
L 97.0836006 53.7972 97.6835994 53.7972 1 P 0
L 97.1804 43.7944006 97.1804 44.3943994 0 P 0
L 97.34289396 31.6000003 97.34289396 33.20000218 0 P 0
L 97.34289396 31.6000003 98.1428949 31.6000003 0 P 0
L 97.34289396 33.20000218 98.1428949 33.20000218 0 P 0
L 97.3836 50.5318014 97.3836 51.1318002 1 P 0
L 97.3836 53.4972006 97.3836 54.0971994 1 P 0
L 97.44289376 32.40000124 98.04289256 32.40000124 0 P 0
L 97.58040174 43.29439906 97.58040174 44.89440094 0 P 0
L 97.59439714 46.5836 98.54440286 46.5836 0 P 0
L 97.6694008 43.29439906 97.6694008 44.89440094 0 P 0
L 97.6694008 43.29439906 98.46940174 43.29439906 0 P 0
L 97.6694008 44.89440094 98.46940174 44.89440094 0 P 0
L 97.74289316 32.10000184 97.74289316 32.70000064 0 P 0
L 97.7694006 44.0944 98.3693994 44.0944 0 P 0
L 97.7835992 50.03179986 97.7835992 51.63180174 0 P 0
L 97.7835992 52.99719906 97.7835992 54.59720094 0 P 0
L 98.0694 43.7944006 98.0694 44.3943994 0 P 0
L 98.0694 46.10859714 98.0694 47.05860286 0 P 0
L 98.0750007 53.51553432 98.0750007 54.71553192 0 P 0
L 98.0750007 53.51553432 100.47500098 53.51553432 0 P 0
L 98.0750007 54.71553192 100.47500098 54.71553192 0 P 0
L 98.08859986 49.9968012 98.08859986 51.1967988 0 P 0
L 98.08859986 49.9968012 100.48860014 49.9968012 0 P 0
L 98.08859986 51.1967988 100.48860014 51.1967988 0 P 0
L 98.1428949 31.6000003 98.1428949 33.20000218 0 P 0
L 98.27160178 31.62500152 98.27160178 33.2250034 0 P 0
L 98.27160178 31.62500152 99.07160272 31.62500152 0 P 0
L 98.27160178 33.2250034 99.07160272 33.2250034 0 P 0
L 98.37160158 32.42500246 98.97160038 32.42500246 0 P 0
L 98.46940174 43.29439906 98.46940174 44.89440094 0 P 0
L 98.5584008 43.29439906 98.5584008 44.89440094 0 P 0
L 98.5584008 43.29439906 99.35840174 43.29439906 0 P 0
L 98.5584008 44.89440094 99.35840174 44.89440094 0 P 0
L 98.6584006 44.0944 99.2583994 44.0944 0 P 0
L 98.67160098 32.12500306 98.67160098 32.72500186 0 P 0
L 98.687001 4.064 99.686999 4.064 0 P 0
L 98.687001 13.462 99.686999 13.462 0 P 0
L 98.79999798 54.11553312 99.7500037 54.11553312 0 P 0
L 98.81359714 50.5968 99.76360286 50.5968 0 P 0
L 98.9584 43.7944006 98.9584 44.3943994 0 P 0
L 99.06940054 45.20859894 99.06940054 47.95860106 0 P 0
L 99.07160272 31.62500152 99.07160272 33.2250034 0 P 0
L 99.187 3.564001 99.187 4.563999 0 P 0
L 99.187 12.962001 99.187 13.961999 0 P 0
L 99.27500084 53.64053026 99.27500084 54.59053598 0 P 0
L 99.2886 50.12179714 99.2886 51.07180286 0 P 0
L 99.35840174 43.29439906 99.35840174 44.89440094 0 P 0
L 100.47500098 53.51553432 100.47500098 54.71553192 0 P 0
L 100.48860014 49.9968012 100.48860014 51.1967988 0 P 0
L 101.86500074 25.9350002 102.86499874 25.9350002 0 P 0
L 102.36499974 25.4350012 102.36499974 26.4349992 0 P 0
L 102.7478006 46.1772 103.3477994 46.1772 0 P 0
L 103.0478 45.8772006 103.0478 46.4771994 0 P 0
L 103.14999944 35.74999962 103.14999944 39.74999924 4 P 0
L 103.14999944 35.74999962 107.5500008 35.74999962 4 P 0
L 103.14999944 39.74999924 107.5500008 39.74999924 4 P 0
L 104.18700016 0.76399898 104.18700016 7.36400102 0 P 0
L 104.18700016 10.16199898 104.18700016 16.76200102 0 P 0
L 104.9650047 33.14601448 104.9650047 34.74601636 0 P 0
L 104.9650047 33.14601448 105.76500564 33.14601448 0 P 0
L 104.9650047 34.74601636 105.76500564 34.74601636 0 P 0
L 104.98999576 32.95642888 104.99000084 32.1564254 3 P 0
L 104.98999576 32.95642888 106.5099978 32.95643396 3 P 0
L 104.99000084 32.1564254 106.51000288 32.15643048 3 P 0
L 105.01499698 35.69999972 105.01500206 34.89999624 3 P 0
L 105.01499698 35.69999972 106.53499902 35.7000048 3 P 0
L 105.01500206 34.89999624 106.5350041 34.90000132 3 P 0
L 105.0650045 33.94601542 105.6650033 33.94601542 0 P 0
L 105.3650039 33.64601602 105.3650039 34.24601482 0 P 0
L 105.45000246 32.55642968 106.04999618 32.55642968 7 P 0
L 105.47500368 35.30000052 106.0749974 35.30000052 7 P 0
L 105.74999932 32.25643282 105.74999932 32.85642654 7 P 0
L 105.76500564 33.14601448 105.76500564 34.74601636 0 P 0
L 105.77500054 35.00000366 105.77500054 35.59999738 7 P 0
L 106.5099978 32.95643396 106.51000288 32.15643048 3 P 0
L 106.53499902 35.7000048 106.5350041 34.90000132 3 P 0
L 107.5500008 35.74999962 107.5500008 39.74999924 4 P 0
L 109.21499874 20.63500064 109.21499874 31.43499936 0 P 0
L 204.5134086 36.53729802 204.5134086 38.95029802 8 P 0
L 204.5134086 36.53729802 227.8814086 36.53729802 8 P 0
L 204.5134086 38.95029802 227.8814086 38.95029802 8 P 0
L 211.11740352 37.61007464 211.16577528 37.46496444 5 P 0 ;0,1=0,2=0.000000
L 211.11740352 37.85192836 211.11740352 37.61007464 5 P 0 ;0,1=0,2=0.000000
L 211.16577528 37.46496444 211.2141445 37.36822346 5 P 0 ;0,1=0,2=0.000000
L 211.16577528 37.9970411 211.11740352 37.85192836 5 P 0 ;0,1=0,2=0.000000
L 211.2141445 37.36822346 211.31088548 37.27148248 5 P 0 ;0,1=0,2=0.000000
L 211.2141445 38.09378208 211.16577528 37.9970411 5 P 0 ;0,1=0,2=0.000000
L 211.31088548 37.27148248 211.40762646 37.22311072 5 P 0 ;0,1=0,2=0.000000
L 211.31088548 38.19052306 211.2141445 38.09378208 5 P 0 ;0,1=0,2=0.000000
L 211.40762646 37.22311072 211.60110842 37.22311072 5 P 0 ;0,1=0,2=0.000000
L 211.40762646 38.23889228 211.31088548 38.19052306 5 P 0 ;0,1=0,2=0.000000
L 211.60110842 37.22311072 211.6978494 37.27148248 5 P 0 ;0,1=0,2=0.000000
L 211.60110842 38.23889228 211.40762646 38.23889228 5 P 0 ;0,1=0,2=0.000000
L 211.6978494 37.27148248 211.79459292 37.36822346 5 P 0 ;0,1=0,2=0.000000
L 211.6978494 38.19052306 211.60110842 38.23889228 5 P 0 ;0,1=0,2=0.000000
L 211.79459292 37.36822346 211.84296214 37.46496444 5 P 0 ;0,1=0,2=0.000000
L 211.79459292 38.09378208 211.6978494 38.19052306 5 P 0 ;0,1=0,2=0.000000
L 211.84296214 37.9970411 211.79459292 38.09378208 5 P 0 ;0,1=0,2=0.000000
L 212.12834892 37.51333366 212.17672068 37.36822346 5 P 0 ;0,1=0,2=0.000000
L 212.12834892 37.61007464 212.12834892 37.51333366 5 P 0 ;0,1=0,2=0.000000
L 212.17672068 37.36822346 212.27346166 37.27148248 5 P 0 ;0,1=0,2=0.000000
L 212.17672068 37.75518738 212.12834892 37.61007464 5 P 0 ;0,1=0,2=0.000000
L 212.27346166 37.27148248 212.37020264 37.22311072 5 P 0 ;0,1=0,2=0.000000
L 212.27346166 37.85192836 212.17672068 37.75518738 5 P 0 ;0,1=0,2=0.000000
L 212.37020264 37.22311072 212.51531284 37.22311072 5 P 0 ;0,1=0,2=0.000000
L 212.37020264 37.90030012 212.27346166 37.85192836 5 P 0 ;0,1=0,2=0.000000
L 212.51531284 37.22311072 212.61205382 37.27148248 5 P 0 ;0,1=0,2=0.000000
L 212.51531284 37.90030012 212.37020264 37.90030012 5 P 0 ;0,1=0,2=0.000000
L 212.61205382 37.27148248 212.7087948 37.36822346 5 P 0 ;0,1=0,2=0.000000
L 212.61205382 37.85192836 212.51531284 37.90030012 5 P 0 ;0,1=0,2=0.000000
L 212.7087948 37.36822346 212.75716656 37.51333366 5 P 0 ;0,1=0,2=0.000000
L 212.7087948 37.75518738 212.61205382 37.85192836 5 P 0 ;0,1=0,2=0.000000
L 212.75716656 37.51333366 212.75716656 37.61007464 5 P 0 ;0,1=0,2=0.000000
L 212.75716656 37.61007464 212.7087948 37.75518738 5 P 0 ;0,1=0,2=0.000000
L 212.97967056 37.41659268 213.02804232 37.27148248 5 P 0 ;0,1=0,2=0.000000
L 212.97967056 37.90030012 212.97967056 37.41659268 5 P 0 ;0,1=0,2=0.000000
L 213.02804232 37.27148248 213.1247833 37.22311072 5 P 0 ;0,1=0,2=0.000000
L 213.1247833 37.22311072 213.2698935 37.22311072 5 P 0 ;0,1=0,2=0.000000
L 213.2698935 37.22311072 213.36663448 37.27148248 5 P 0 ;0,1=0,2=0.000000
L 213.36663448 37.27148248 213.51174722 37.41659268 5 P 0 ;0,1=0,2=0.000000
L 213.51174722 37.90030012 213.51174722 37.22311072 5 P 0 ;0,1=0,2=0.000000
L 213.77778428 37.61007464 213.82615604 37.75518738 5 P 0 ;0,1=0,2=0.000000
L 213.77778428 37.90030012 213.77778428 37.22311072 5 P 0 ;0,1=0,2=0.000000
L 213.82615604 37.75518738 213.92289702 37.85192836 5 P 0 ;0,1=0,2=0.000000
L 213.92289702 37.85192836 214.019638 37.90030012 5 P 0 ;0,1=0,2=0.000000
L 214.019638 37.90030012 214.1647482 37.90030012 5 P 0 ;0,1=0,2=0.000000
L 214.25665302 37.90030012 214.59524772 37.90030012 5 P 0 ;0,1=0,2=0.000000
L 214.40176576 37.41659268 214.45013498 37.27148248 5 P 0 ;0,1=0,2=0.000000
L 214.40176576 38.23889228 214.40176576 37.41659268 5 P 0 ;0,1=0,2=0.000000
L 214.45013498 37.27148248 214.54687596 37.22311072 5 P 0 ;0,1=0,2=0.000000
L 214.54687596 37.22311072 214.64361694 37.22311072 5 P 0 ;0,1=0,2=0.000000
L 214.83710144 36.88451602 214.78872968 36.88451602 5 P 0 ;0,1=0,2=0.000000
L 214.83710144 37.90030012 215.12732438 37.22311072 5 P 0 ;0,1=0,2=0.000000
L 214.93384242 36.93288778 214.83710144 36.88451602 5 P 0 ;0,1=0,2=0.000000
L 215.0305834 37.02962876 214.93384242 36.93288778 5 P 0 ;0,1=0,2=0.000000
L 215.12732438 37.22311072 215.0305834 37.02962876 5 P 0 ;0,1=0,2=0.000000
L 215.41754732 37.90030012 215.12732438 37.22311072 5 P 0 ;0,1=0,2=0.000000
L 215.5868434 37.51333366 215.63521516 37.36822346 5 P 0 ;0,1=0,2=0.000000
L 215.5868434 37.61007464 215.5868434 37.51333366 5 P 0 ;0,1=0,2=0.000000
L 215.63521516 37.36822346 215.73195614 37.27148248 5 P 0 ;0,1=0,2=0.000000
L 215.63521516 37.75518738 215.5868434 37.61007464 5 P 0 ;0,1=0,2=0.000000
L 215.73195614 37.27148248 215.82869712 37.22311072 5 P 0 ;0,1=0,2=0.000000
L 215.73195614 37.85192836 215.63521516 37.75518738 5 P 0 ;0,1=0,2=0.000000
L 215.82869712 37.22311072 215.97380732 37.22311072 5 P 0 ;0,1=0,2=0.000000
L 215.82869712 37.90030012 215.73195614 37.85192836 5 P 0 ;0,1=0,2=0.000000
L 215.97380732 37.22311072 216.0705483 37.27148248 5 P 0 ;0,1=0,2=0.000000
L 215.97380732 37.90030012 215.82869712 37.90030012 5 P 0 ;0,1=0,2=0.000000
L 216.0705483 37.27148248 216.16728928 37.36822346 5 P 0 ;0,1=0,2=0.000000
L 216.0705483 37.85192836 215.97380732 37.90030012 5 P 0 ;0,1=0,2=0.000000
L 216.16728928 37.75518738 216.0705483 37.85192836 5 P 0 ;0,1=0,2=0.000000
L 216.16728928 37.90030012 216.16728928 37.22311072 5 P 0 ;0,1=0,2=0.000000
L 216.43816504 37.61007464 216.4865368 37.75518738 5 P 0 ;0,1=0,2=0.000000
L 216.43816504 37.90030012 216.43816504 37.22311072 5 P 0 ;0,1=0,2=0.000000
L 216.4865368 37.75518738 216.58327778 37.85192836 5 P 0 ;0,1=0,2=0.000000
L 216.58327778 37.85192836 216.68001876 37.90030012 5 P 0 ;0,1=0,2=0.000000
L 216.68001876 37.90030012 216.82512896 37.90030012 5 P 0 ;0,1=0,2=0.000000
L 216.91703378 37.51333366 216.96540554 37.36822346 5 P 0 ;0,1=0,2=0.000000
L 216.91703378 37.61007464 216.91703378 37.51333366 5 P 0 ;0,1=0,2=0.000000
L 216.96540554 37.36822346 217.06214652 37.27148248 5 P 0 ;0,1=0,2=0.000000
L 216.96540554 37.75518738 216.91703378 37.61007464 5 P 0 ;0,1=0,2=0.000000
L 217.06214652 37.27148248 217.1588875 37.22311072 5 P 0 ;0,1=0,2=0.000000
L 217.06214652 37.85192836 216.96540554 37.75518738 5 P 0 ;0,1=0,2=0.000000
L 217.1588875 37.22311072 217.3039977 37.22311072 5 P 0 ;0,1=0,2=0.000000
L 217.1588875 37.90030012 217.06214652 37.85192836 5 P 0 ;0,1=0,2=0.000000
L 217.3039977 37.22311072 217.40073868 37.27148248 5 P 0 ;0,1=0,2=0.000000
L 217.3039977 37.90030012 217.1588875 37.90030012 5 P 0 ;0,1=0,2=0.000000
L 217.40073868 37.27148248 217.49747966 37.36822346 5 P 0 ;0,1=0,2=0.000000
L 217.40073868 37.85192836 217.3039977 37.90030012 5 P 0 ;0,1=0,2=0.000000
L 217.49747966 37.75518738 217.40073868 37.85192836 5 P 0 ;0,1=0,2=0.000000
L 217.49747966 38.23889228 217.49747966 37.22311072 5 P 0 ;0,1=0,2=0.000000
L 218.56646914 38.23889228 219.24365854 38.23889228 5 P 0 ;0,1=0,2=0.000000
L 218.90506384 38.23889228 218.90506384 37.22311072 5 P 0 ;0,1=0,2=0.000000
L 219.36458286 37.51333366 219.41295462 37.36822346 5 P 0 ;0,1=0,2=0.000000
L 219.36458286 37.61007464 219.36458286 37.51333366 5 P 0 ;0,1=0,2=0.000000
L 219.41295462 37.36822346 219.5096956 37.27148248 5 P 0 ;0,1=0,2=0.000000
L 219.41295462 37.75518738 219.36458286 37.61007464 5 P 0 ;0,1=0,2=0.000000
L 219.5096956 37.27148248 219.60643658 37.22311072 5 P 0 ;0,1=0,2=0.000000
L 219.5096956 37.85192836 219.41295462 37.75518738 5 P 0 ;0,1=0,2=0.000000
L 219.60643658 37.22311072 219.75154678 37.22311072 5 P 0 ;0,1=0,2=0.000000
L 219.60643658 37.90030012 219.5096956 37.85192836 5 P 0 ;0,1=0,2=0.000000
L 219.75154678 37.22311072 219.84828776 37.27148248 5 P 0 ;0,1=0,2=0.000000
L 219.75154678 37.90030012 219.60643658 37.90030012 5 P 0 ;0,1=0,2=0.000000
L 219.84828776 37.27148248 219.94502874 37.36822346 5 P 0 ;0,1=0,2=0.000000
L 219.84828776 37.85192836 219.75154678 37.90030012 5 P 0 ;0,1=0,2=0.000000
L 219.94502874 37.36822346 219.9934005 37.51333366 5 P 0 ;0,1=0,2=0.000000
L 219.94502874 37.75518738 219.84828776 37.85192836 5 P 0 ;0,1=0,2=0.000000
L 219.9934005 37.51333366 219.9934005 37.61007464 5 P 0 ;0,1=0,2=0.000000
L 219.9934005 37.61007464 219.94502874 37.75518738 5 P 0 ;0,1=0,2=0.000000
L 220.2159045 37.75518738 220.31264548 37.85192836 5 P 0 ;0,1=0,2=0.000000
L 220.2159045 37.90030012 220.2159045 36.88451602 5 P 0 ;0,1=0,2=0.000000
L 220.31264548 37.27148248 220.2159045 37.36822346 5 P 0 ;0,1=0,2=0.000000
L 220.31264548 37.85192836 220.40938646 37.90030012 5 P 0 ;0,1=0,2=0.000000
L 220.40938646 37.22311072 220.31264548 37.27148248 5 P 0 ;0,1=0,2=0.000000
L 220.40938646 37.90030012 220.5544992 37.90030012 5 P 0 ;0,1=0,2=0.000000
L 220.5544992 37.22311072 220.40938646 37.22311072 5 P 0 ;0,1=0,2=0.000000
L 220.5544992 37.90030012 220.65124018 37.85192836 5 P 0 ;0,1=0,2=0.000000
L 220.65124018 37.27148248 220.5544992 37.22311072 5 P 0 ;0,1=0,2=0.000000
L 220.65124018 37.85192836 220.74798116 37.75518738 5 P 0 ;0,1=0,2=0.000000
L 220.74798116 37.36822346 220.65124018 37.27148248 5 P 0 ;0,1=0,2=0.000000
L 220.74798116 37.75518738 220.79635038 37.61007464 5 P 0 ;0,1=0,2=0.000000
L 220.79635038 37.51333366 220.74798116 37.36822346 5 P 0 ;0,1=0,2=0.000000
L 220.79635038 37.61007464 220.79635038 37.51333366 5 P 0 ;0,1=0,2=0.000000
L 227.8814086 36.53729802 227.8814086 38.95029802 8 P 0
P 206.9264086 37.74379548 9 P 0 0
