UNITS=MM
#Layer_Color=9474304
#
#Feature symbol names
#
$0 r127

#
#Feature attribute names
#

#
#Layer features
#
L 11.89999906 38.97499952 12.09999866 38.97499952 0 P 0
L 11.99999886 38.87499972 11.99999886 39.07499932 0 P 0
L 12.32511378 38.97499952 12.52511338 38.97499952 0 P 0
L 12.42511358 38.87499972 12.42511358 39.07499932 0 P 0
L 17.7830607 39.22379252 17.9830603 39.22379252 0 P 0
L 17.8830605 39.12379272 17.8830605 39.32379232 0 P 0
L 17.90421108 36.72033804 18.10421068 36.72033804 0 P 0
L 18.00421088 36.62033824 18.00421088 36.82033784 0 P 0
L 18.26785272 37.13296866 18.46785232 37.13296866 0 P 0
L 18.36785252 37.03296886 18.36785252 37.23296846 0 P 0
L 18.77680014 37.34146964 18.97679974 37.34146964 0 P 0
L 18.87499654 35.85191458 19.07499614 35.85191458 0 P 0
L 18.87679994 37.24146984 18.87679994 37.44146944 0 P 0
L 18.97499634 35.75191478 18.97499634 35.95191438 0 P 0
L 19.0909448 33.54264056 19.2909444 33.54264056 0 P 0
L 19.1909446 33.44264076 19.1909446 33.64264036 0 P 0
L 19.32560524 37.37769766 19.52560484 37.37769766 0 P 0
L 19.42560504 37.27769786 19.42560504 37.47769746 0 P 0
L 19.89880196 37.39676036 20.09880156 37.39676036 0 P 0
L 19.96125294 39.22242346 20.16125254 39.22242346 0 P 0
L 19.99880176 37.29676056 19.99880176 37.49676016 0 P 0
L 20.03536506 31.92527778 20.23536466 31.92527778 0 P 0
L 20.06125274 39.12242366 20.06125274 39.32242326 0 P 0
L 20.13536486 31.82527798 20.13536486 32.02527758 0 P 0
L 20.44880086 37.39676036 20.64880046 37.39676036 0 P 0
L 20.54880066 37.29676056 20.54880066 37.49676016 0 P 0
L 20.59373326 39.22260126 20.79373286 39.22260126 0 P 0
L 20.66822892 34.9552895 20.86822852 34.9552895 0 P 0
L 20.69373306 39.12260146 20.69373306 39.32260106 0 P 0
L 20.76822872 34.8552897 20.76822872 35.0552893 0 P 0
L 20.90820558 37.09436066 21.10820518 37.09436066 0 P 0
L 20.93699902 32.58050888 21.13699862 32.58050888 0 P 0
L 21.00820538 36.99436086 21.00820538 37.19436046 0 P 0
L 21.03699882 32.48050908 21.03699882 32.68050868 0 P 0
L 21.19645494 39.22261142 21.39645454 39.22261142 0 P 0
L 21.29645474 39.12261162 21.29645474 39.32261122 0 P 0
L 21.74644114 39.22242346 21.94644074 39.22242346 0 P 0
L 21.84644094 39.12242366 21.84644094 39.32242326 0 P 0
L 22.26280282 34.9552895 22.46280242 34.9552895 0 P 0
L 22.36280262 34.8552897 22.36280262 35.0552893 0 P 0
L 22.42454748 34.12979204 22.62454708 34.12979204 0 P 0
L 22.52454728 34.02979224 22.52454728 34.22979184 0 P 0
L 22.60689154 30.33413288 22.80689114 30.33413288 0 P 0
L 22.70265716 33.65528956 22.90265676 33.65528956 0 P 0
L 22.70689134 30.23413308 22.70689134 30.43413268 0 P 0
L 22.75553234 23.85529138 22.95553194 23.85529138 0 P 0
L 22.80265696 33.55528976 22.80265696 33.75528936 0 P 0
L 22.85553214 23.75529158 22.85553214 23.95529118 0 P 0
L 23.05132042 31.57892592 23.25132002 31.57892592 0 P 0
L 23.0547164 23.55610732 23.254716 23.55610732 0 P 0
L 23.15132022 31.47892612 23.15132022 31.67892572 0 P 0
L 23.1547162 23.45610752 23.1547162 23.65610712 0 P 0
L 23.25126414 33.57626254 23.45126374 33.57626254 0 P 0
L 23.3420539 42.08917414 23.5420535 42.08917414 0 P 0
L 23.35126394 33.47626274 23.35126394 33.67626234 0 P 0
L 23.4420537 41.98917434 23.4420537 42.18917394 0 P 0
L 23.53399916 21.47969034 23.73399876 21.47969034 0 P 0
L 23.53399916 21.92196784 23.73399876 21.92196784 0 P 0
L 23.53399916 23.5736003 23.73399876 23.5736003 0 P 0
L 23.63399896 21.37969054 23.63399896 21.57969014 0 P 0
L 23.63399896 21.82196804 23.63399896 22.02196764 0 P 0
L 23.63399896 23.4736005 23.63399896 23.6736001 0 P 0
L 23.70695792 39.05706184 23.90695752 39.05706184 0 P 0
L 23.80695772 38.95706204 23.80695772 39.15706164 0 P 0
L 23.81238316 43.99265776 24.01238276 43.99265776 0 P 0
L 23.85150932 33.39468302 24.05150892 33.39468302 0 P 0
L 23.91238296 43.89265796 23.91238296 44.09265756 0 P 0
L 23.95150912 33.29468322 23.95150912 33.49468282 0 P 0
L 24.00375946 24.42619956 24.20375906 24.42619956 0 P 0
L 24.10375926 24.32619976 24.10375926 24.52619936 0 P 0
L 24.1730276 36.98760954 24.3730272 36.98760954 0 P 0
L 24.2730274 36.88760974 24.2730274 37.08760934 0 P 0
L 24.3885339 24.03320314 24.5885335 24.03320314 0 P 0
L 24.4885337 23.93320334 24.4885337 24.13320294 0 P 0
L 24.56499786 26.90729188 24.76499746 26.90729188 0 P 0
L 24.66499766 26.80729208 24.66499766 27.00729168 0 P 0
L 24.80160648 32.80910126 25.00160608 32.80910126 0 P 0
L 24.90160628 32.70910146 24.90160628 32.90910106 0 P 0
L 25.66285444 22.68710728 25.86285404 22.68710728 0 P 0
L 25.6827274 43.87412866 25.882727 43.87412866 0 P 0
L 25.76285424 22.58710748 25.76285424 22.78710708 0 P 0
L 25.7827272 43.77412886 25.7827272 43.97412846 0 P 0
L 25.89929034 23.24704774 26.09928994 23.24704774 0 P 0
L 25.99929014 23.14704794 25.99929014 23.34704754 0 P 0
L 26.4029317 22.1799277 26.6029313 22.1799277 0 P 0
L 26.5029315 22.0799279 26.5029315 22.2799275 0 P 0
L 26.77438384 41.90025656 26.97438344 41.90025656 0 P 0
L 26.87438364 41.80025676 26.87438364 42.00025636 0 P 0
L 28.36835576 43.87412866 28.56835536 43.87412866 0 P 0
L 28.46835556 43.77412886 28.46835556 43.97412846 0 P 0
L 30.3551209 22.71515142 30.5551205 22.71515142 0 P 0
L 30.4551207 22.61515162 30.4551207 22.81515122 0 P 0
L 32.27064666 21.14999834 32.47064626 21.14999834 0 P 0
L 32.37064646 21.04999854 32.37064646 21.24999814 0 P 0
L 33.13280648 36.78665236 33.33280608 36.78665236 0 P 0
L 33.23280628 36.68665256 33.23280628 36.88665216 0 P 0
