UNITS=MM
#Layer_Color=0
#
#Feature symbol names
#
$0 r49.9999
$1 r199.9996
$2 r127
$3 rect4826x2413

#
#Feature attribute names
#
@0 .nomenclature
@1 .string
@2 .string_angle

#
#Feature attribute text strings
#
&0 Coutryard Bottom

#
#Layer features
#
A 14.30300162 34.6456 14.30300162 33.6296 14.68400162 34.1376 0 P 0 N
A 14.32840162 43.5102 14.32840162 42.4942 14.70940162 43.0022 0 P 0 N
A 16.20800162 32.3596 16.58900162 32.2326 16.58900162 32.8676 0 P 0 N
A 16.23340162 41.2242 16.61440162 41.0972 16.61440162 41.7322 0 P 0 N
A 16.58900162 36.0426 16.20800162 35.9156 16.58900162 35.4076 0 P 0 N
A 16.61440162 44.9072 16.23340162 44.7802 16.61440162 44.2722 0 P 0 N
A 23.57400162 32.2326 24.20900162 32.8676 23.57400162 32.8676 0 P 0 N
A 23.59940162 41.0972 24.23440162 41.7322 23.59940162 41.7322 0 P 0 N
A 24.20900162 35.4076 23.57400162 36.0426 23.57400162 35.4076 0 P 0 N
A 24.23440162 44.2722 23.59940162 44.9072 23.59940162 44.2722 0 P 0 N
L 14.30300162 33.6296 16.20800162 32.3596 0 P 0
L 14.30300162 34.6456 16.20800162 35.9156 0 P 0
L 14.32840162 42.4942 16.23340162 41.2242 0 P 0
L 14.32840162 43.5102 16.23340162 44.7802 0 P 0
L 16.58900162 32.2326 23.57400162 32.2326 0 P 0
L 16.58900162 36.0426 23.57400162 36.0426 0 P 0
L 16.61440162 41.0972 23.59940162 41.0972 0 P 0
L 16.61440162 44.9072 23.59940162 44.9072 0 P 0
L 24.20900162 32.8676 24.20900162 35.4076 0 P 0
L 24.23440162 41.7322 24.23440162 44.2722 0 P 0
L 45.28900772 64.9399768 45.88900652 64.9399768 0 P 0
L 45.28998308 60.54000592 45.88998188 60.54000592 0 P 0
L 45.29001356 56.14001726 45.89001236 56.14001726 0 P 0
L 45.29001356 57.23998966 45.89001236 57.23998966 0 P 0
L 45.29001356 58.34001286 45.89001236 58.34001286 0 P 0
L 45.29001356 59.43998526 45.89001236 59.43998526 0 P 0
L 45.29001356 61.63998086 45.89001236 61.63998086 0 P 0
L 45.29001356 62.74000406 45.89001236 62.74000406 0 P 0
L 45.29001356 63.83997646 45.89001236 63.83997646 0 P 0
L 45.29001356 66.04002286 45.89001236 66.04002286 0 P 0
L 45.29001356 67.53999446 45.89001236 67.53999446 0 P 0
L 45.29001356 69.04001686 45.89001236 69.04001686 0 P 0
L 45.36403932 64.7149836 45.36403932 65.1650208 0 P 0
L 45.36403932 64.7149836 45.81402572 64.7149836 0 P 0
L 45.36403932 65.1650208 45.81402572 65.1650208 0 P 0
L 45.36499436 55.91502406 45.36499436 56.36501046 0 P 0
L 45.36499436 55.91502406 45.81498076 55.91502406 0 P 0
L 45.36499436 56.36501046 45.81498076 56.36501046 0 P 0
L 45.36499436 57.01499646 45.36499436 57.46498286 0 P 0
L 45.36499436 57.01499646 45.81498076 57.01499646 0 P 0
L 45.36499436 57.46498286 45.81498076 57.46498286 0 P 0
L 45.36499436 58.11501966 45.36499436 58.56500606 0 P 0
L 45.36499436 58.11501966 45.81498076 58.11501966 0 P 0
L 45.36499436 58.56500606 45.81498076 58.56500606 0 P 0
L 45.36499436 59.21499206 45.36499436 59.66497846 0 P 0
L 45.36499436 59.21499206 45.81498076 59.21499206 0 P 0
L 45.36499436 59.66497846 45.81498076 59.66497846 0 P 0
L 45.36499436 61.41498766 45.36499436 61.86502486 0 P 0
L 45.36499436 61.41498766 45.81498076 61.41498766 0 P 0
L 45.36499436 61.86502486 45.81498076 61.86502486 0 P 0
L 45.36499436 62.51501086 45.36499436 62.96499726 0 P 0
L 45.36499436 62.51501086 45.81498076 62.51501086 0 P 0
L 45.36499436 62.96499726 45.81498076 62.96499726 0 P 0
L 45.36499436 63.61498326 45.36499436 64.06502046 0 P 0
L 45.36499436 63.61498326 45.81498076 63.61498326 0 P 0
L 45.36499436 64.06502046 45.81498076 64.06502046 0 P 0
L 45.36499436 65.81497886 45.36499436 66.26501606 0 P 0
L 45.36499436 65.81497886 45.81498076 65.81497886 0 P 0
L 45.36499436 66.26501606 45.81498076 66.26501606 0 P 0
L 45.36499436 67.31500126 45.36499436 67.76498766 0 P 0
L 45.36499436 67.31500126 45.81498076 67.31500126 0 P 0
L 45.36499436 67.76498766 45.81498076 67.76498766 0 P 0
L 45.36499436 68.81502366 45.36499436 69.26501006 0 P 0
L 45.36499436 68.81502366 45.81498076 68.81502366 0 P 0
L 45.36499436 69.26501006 45.81498076 69.26501006 0 P 0
L 45.36501468 60.31501272 45.36501468 60.76499912 0 P 0
L 45.36501468 60.31501272 45.81500108 60.31501272 0 P 0
L 45.36501468 60.76499912 45.81500108 60.76499912 0 P 0
L 45.58903252 64.6400028 45.58903252 65.2400016 0 P 0
L 45.58998756 55.83999246 45.58998756 56.43999126 0 P 0
L 45.58998756 56.94001566 45.58998756 57.54001446 0 P 0
L 45.58998756 58.03998806 45.58998756 58.63998686 0 P 0
L 45.58998756 59.14001126 45.58998756 59.74001006 0 P 0
L 45.58998756 61.34000686 45.58998756 61.94000566 0 P 0
L 45.58998756 62.43997926 45.58998756 63.03997806 0 P 0
L 45.58998756 63.54000246 45.58998756 64.14000126 0 P 0
L 45.58998756 65.73999806 45.58998756 66.33999686 0 P 0
L 45.58998756 67.24002046 45.58998756 67.84001926 0 P 0
L 45.58998756 68.73999206 45.58998756 69.33999086 0 P 0
L 45.59000788 60.23998112 45.59000788 60.83997992 0 P 0
L 45.81402572 64.7149836 45.81402572 65.1650208 0 P 0
L 45.81498076 55.91502406 45.81498076 56.36501046 0 P 0
L 45.81498076 57.01499646 45.81498076 57.46498286 0 P 0
L 45.81498076 58.11501966 45.81498076 58.56500606 0 P 0
L 45.81498076 59.21499206 45.81498076 59.66497846 0 P 0
L 45.81498076 61.41498766 45.81498076 61.86502486 0 P 0
L 45.81498076 62.51501086 45.81498076 62.96499726 0 P 0
L 45.81498076 63.61498326 45.81498076 64.06502046 0 P 0
L 45.81498076 65.81497886 45.81498076 66.26501606 0 P 0
L 45.81498076 67.31500126 45.81498076 67.76498766 0 P 0
L 45.81498076 68.81502366 45.81498076 69.26501006 0 P 0
L 45.81500108 60.31501272 45.81500108 60.76499912 0 P 0
L 46.38998342 60.53999322 46.98998222 60.53999322 0 P 0
L 46.38998596 56.14001726 46.98998476 56.14001726 0 P 0
L 46.38998596 57.23998966 46.98998476 57.23998966 0 P 0
L 46.38998596 58.34001286 46.98998476 58.34001286 0 P 0
L 46.38998596 61.63998086 46.98998476 61.63998086 0 P 0
L 46.38998596 62.74000406 46.98998476 62.74000406 0 P 0
L 46.38998596 64.93999966 46.98998476 64.93999966 0 P 0
L 46.38998596 66.04002286 46.98998476 66.04002286 0 P 0
L 46.38998596 69.04001686 46.98998476 69.04001686 0 P 0
L 46.39001136 59.43999288 46.99001016 59.43999288 0 P 0
L 46.39002406 63.83997646 46.99002286 63.83997646 0 P 0
L 46.46499216 59.21499968 46.46499216 59.66498608 0 P 0
L 46.46499216 59.21499968 46.91497856 59.21499968 0 P 0
L 46.46499216 59.66498608 46.91497856 59.66498608 0 P 0
L 46.46500486 63.61498326 46.46500486 64.06496966 0 P 0
L 46.46500486 63.61498326 46.91499126 63.61498326 0 P 0
L 46.46500486 64.06496966 46.91499126 64.06496966 0 P 0
L 46.46501502 60.31500002 46.46501502 60.76498642 0 P 0
L 46.46501502 60.31500002 46.91500142 60.31500002 0 P 0
L 46.46501502 60.76498642 46.91500142 60.76498642 0 P 0
L 46.46501756 55.91502406 46.46501756 56.36501046 0 P 0
L 46.46501756 55.91502406 46.91500396 55.91502406 0 P 0
L 46.46501756 56.36501046 46.91500396 56.36501046 0 P 0
L 46.46501756 57.01499646 46.46501756 57.46498286 0 P 0
L 46.46501756 57.01499646 46.91500396 57.01499646 0 P 0
L 46.46501756 57.46498286 46.91500396 57.46498286 0 P 0
L 46.46501756 58.11501966 46.46501756 58.56500606 0 P 0
L 46.46501756 58.11501966 46.91500396 58.11501966 0 P 0
L 46.46501756 58.56500606 46.91500396 58.56500606 0 P 0
L 46.46501756 61.41498766 46.46501756 61.86502486 0 P 0
L 46.46501756 61.41498766 46.91500396 61.41498766 0 P 0
L 46.46501756 61.86502486 46.91500396 61.86502486 0 P 0
L 46.46501756 62.51501086 46.46501756 62.96499726 0 P 0
L 46.46501756 62.51501086 46.91500396 62.51501086 0 P 0
L 46.46501756 62.96499726 46.91500396 62.96499726 0 P 0
L 46.46501756 64.71500646 46.46501756 65.16499286 0 P 0
L 46.46501756 64.71500646 46.91500396 64.71500646 0 P 0
L 46.46501756 65.16499286 46.91500396 65.16499286 0 P 0
L 46.46501756 65.81497886 46.46501756 66.26501606 0 P 0
L 46.46501756 65.81497886 46.91500396 65.81497886 0 P 0
L 46.46501756 66.26501606 46.91500396 66.26501606 0 P 0
L 46.46501756 68.81502366 46.46501756 69.26501006 0 P 0
L 46.46501756 68.81502366 46.91500396 68.81502366 0 P 0
L 46.46501756 69.26501006 46.91500396 69.26501006 0 P 0
L 46.68998536 59.13996808 46.68998536 59.73996688 0 P 0
L 46.68999806 63.54000246 46.68999806 64.14000126 0 P 0
L 46.69000822 60.24001922 46.69000822 60.84001802 0 P 0
L 46.69001076 55.83999246 46.69001076 56.43999126 0 P 0
L 46.69001076 56.94001566 46.69001076 57.54001446 0 P 0
L 46.69001076 58.03998806 46.69001076 58.63998686 0 P 0
L 46.69001076 61.34000686 46.69001076 61.94000566 0 P 0
L 46.69001076 62.43997926 46.69001076 63.03997806 0 P 0
L 46.69001076 64.64002566 46.69001076 65.24002446 0 P 0
L 46.69001076 65.73999806 46.69001076 66.33999686 0 P 0
L 46.69001076 68.73999206 46.69001076 69.33999086 0 P 0
L 46.91497856 59.21499968 46.91497856 59.66498608 0 P 0
L 46.91499126 63.61498326 46.91499126 64.06496966 0 P 0
L 46.91500142 60.31500002 46.91500142 60.76498642 0 P 0
L 46.91500396 55.91502406 46.91500396 56.36501046 0 P 0
L 46.91500396 57.01499646 46.91500396 57.46498286 0 P 0
L 46.91500396 58.11501966 46.91500396 58.56500606 0 P 0
L 46.91500396 61.41498766 46.91500396 61.86502486 0 P 0
L 46.91500396 62.51501086 46.91500396 62.96499726 0 P 0
L 46.91500396 64.71500646 46.91500396 65.16499286 0 P 0
L 46.91500396 65.81497886 46.91500396 66.26501606 0 P 0
L 46.91500396 68.81502366 46.91500396 69.26501006 0 P 0
L 47.49000916 56.14001726 48.09000796 56.14001726 0 P 0
L 47.49000916 57.23998966 48.09000796 57.23998966 0 P 0
L 47.49000916 59.43998526 48.09000796 59.43998526 0 P 0
L 47.49000916 60.54000846 48.09000796 60.54000846 0 P 0
L 47.49000916 61.63998086 48.09000796 61.63998086 0 P 0
L 47.49000916 62.74000406 48.09000796 62.74000406 0 P 0
L 47.49000916 63.83997646 48.09000796 63.83997646 0 P 0
L 47.49000916 64.93999966 48.09000796 64.93999966 0 P 0
L 47.49000916 66.04002286 48.09000796 66.04002286 0 P 0
L 47.56498996 55.91502406 47.56498996 56.36501046 0 P 0
L 47.56498996 55.91502406 48.01502716 55.91502406 0 P 0
L 47.56498996 56.36501046 48.01502716 56.36501046 0 P 0
L 47.56498996 57.01499646 47.56498996 57.46498286 0 P 0
L 47.56498996 57.01499646 48.01502716 57.01499646 0 P 0
L 47.56498996 57.46498286 48.01502716 57.46498286 0 P 0
L 47.56498996 59.21499206 47.56498996 59.66497846 0 P 0
L 47.56498996 59.21499206 48.01502716 59.21499206 0 P 0
L 47.56498996 59.66497846 48.01502716 59.66497846 0 P 0
L 47.56498996 60.31501526 47.56498996 60.76500166 0 P 0
L 47.56498996 60.31501526 48.01502716 60.31501526 0 P 0
L 47.56498996 60.76500166 48.01502716 60.76500166 0 P 0
L 47.56498996 61.41498766 47.56498996 61.86502486 0 P 0
L 47.56498996 61.41498766 48.01502716 61.41498766 0 P 0
L 47.56498996 61.86502486 48.01502716 61.86502486 0 P 0
L 47.56498996 62.51501086 47.56498996 62.96499726 0 P 0
L 47.56498996 62.51501086 48.01502716 62.51501086 0 P 0
L 47.56498996 62.96499726 48.01502716 62.96499726 0 P 0
L 47.56498996 63.61498326 47.56498996 64.06502046 0 P 0
L 47.56498996 63.61498326 48.01502716 63.61498326 0 P 0
L 47.56498996 64.06502046 48.01502716 64.06502046 0 P 0
L 47.56498996 64.71500646 47.56498996 65.16499286 0 P 0
L 47.56498996 64.71500646 48.01502716 64.71500646 0 P 0
L 47.56498996 65.16499286 48.01502716 65.16499286 0 P 0
L 47.56498996 65.81497886 47.56498996 66.26501606 0 P 0
L 47.56498996 65.81497886 48.01502716 65.81497886 0 P 0
L 47.56498996 66.26501606 48.01502716 66.26501606 0 P 0
L 47.78998316 55.83999246 47.78998316 56.43999126 0 P 0
L 47.78998316 56.94001566 47.78998316 57.54001446 0 P 0
L 47.78998316 59.14001126 47.78998316 59.74001006 0 P 0
L 47.78998316 60.23998366 47.78998316 60.83998246 0 P 0
L 47.78998316 61.34000686 47.78998316 61.94000566 0 P 0
L 47.78998316 62.43997926 47.78998316 63.03997806 0 P 0
L 47.78998316 63.54000246 47.78998316 64.14000126 0 P 0
L 47.78998316 64.64002566 47.78998316 65.24002446 0 P 0
L 47.78998316 65.73999806 47.78998316 66.33999686 0 P 0
L 48.01502716 55.91502406 48.01502716 56.36501046 0 P 0
L 48.01502716 57.01499646 48.01502716 57.46498286 0 P 0
L 48.01502716 59.21499206 48.01502716 59.66497846 0 P 0
L 48.01502716 60.31501526 48.01502716 60.76500166 0 P 0
L 48.01502716 61.41498766 48.01502716 61.86502486 0 P 0
L 48.01502716 62.51501086 48.01502716 62.96499726 0 P 0
L 48.01502716 63.61498326 48.01502716 64.06502046 0 P 0
L 48.01502716 64.71500646 48.01502716 65.16499286 0 P 0
L 48.01502716 65.81497886 48.01502716 66.26501606 0 P 0
L 48.58998156 56.14001726 49.18998036 56.14001726 0 P 0
L 48.58998156 57.23998966 49.18998036 57.23998966 0 P 0
L 48.58998156 58.34001286 49.18998036 58.34001286 0 P 0
L 48.66501316 55.91502406 48.66501316 56.36501046 0 P 0
L 48.66501316 55.91502406 49.11499956 55.91502406 0 P 0
L 48.66501316 56.36501046 49.11499956 56.36501046 0 P 0
L 48.66501316 57.01499646 48.66501316 57.46498286 0 P 0
L 48.66501316 57.01499646 49.11499956 57.01499646 0 P 0
L 48.66501316 57.46498286 49.11499956 57.46498286 0 P 0
L 48.66501316 58.11501966 48.66501316 58.56500606 0 P 0
L 48.66501316 58.11501966 49.11499956 58.11501966 0 P 0
L 48.66501316 58.56500606 49.11499956 58.56500606 0 P 0
L 48.89000636 55.83999246 48.89000636 56.43999126 0 P 0
L 48.89000636 56.94001566 48.89000636 57.54001446 0 P 0
L 48.89000636 58.03998806 48.89000636 58.63998686 0 P 0
L 49.11499956 55.91502406 49.11499956 56.36501046 0 P 0
L 49.11499956 57.01499646 49.11499956 57.46498286 0 P 0
L 49.11499956 58.11501966 49.11499956 58.56500606 0 P 0
L 49.14003126 60.53999576 49.74003006 60.53999576 0 P 0
L 49.14003126 61.6399961 49.74003006 61.6399961 0 P 0
L 49.14003126 62.73999136 49.74003006 62.73999136 0 P 0
L 49.14003126 64.93999712 49.74003006 64.93999712 0 P 0
L 49.21501206 60.31500256 49.21501206 60.76498896 0 P 0
L 49.21501206 60.31500256 49.66504926 60.31500256 0 P 0
L 49.21501206 60.76498896 49.66504926 60.76498896 0 P 0
L 49.21501206 61.4150029 49.21501206 61.8649893 0 P 0
L 49.21501206 61.4150029 49.66504926 61.4150029 0 P 0
L 49.21501206 61.8649893 49.66504926 61.8649893 0 P 0
L 49.21501206 62.51499816 49.21501206 62.96498456 0 P 0
L 49.21501206 62.51499816 49.66504926 62.51499816 0 P 0
L 49.21501206 62.96498456 49.66504926 62.96498456 0 P 0
L 49.21501206 64.71500392 49.21501206 65.16499032 0 P 0
L 49.21501206 64.71500392 49.66504926 64.71500392 0 P 0
L 49.21501206 65.16499032 49.66504926 65.16499032 0 P 0
L 49.44000526 60.23997096 49.44000526 60.83996976 0 P 0
L 49.44000526 61.3399713 49.44000526 61.9399701 0 P 0
L 49.44000526 62.43996656 49.44000526 63.03996536 0 P 0
L 49.44000526 64.63997232 49.44000526 65.23997112 0 P 0
L 49.66504926 60.31500256 49.66504926 60.76498896 0 P 0
L 49.66504926 61.4150029 49.66504926 61.8649893 0 P 0
L 49.66504926 62.51499816 49.66504926 62.96498456 0 P 0
L 49.66504926 64.71500392 49.66504926 65.16499032 0 P 0
L 49.69000476 56.14001726 50.29000356 56.14001726 0 P 0
L 49.69000476 57.23998966 50.29000356 57.23998966 0 P 0
L 49.69000476 58.34001286 50.29000356 58.34001286 0 P 0
L 49.69000476 66.04002286 50.29000356 66.04002286 0 P 0
L 49.76498556 55.91502406 49.76498556 56.36501046 0 P 0
L 49.76498556 55.91502406 50.21502276 55.91502406 0 P 0
L 49.76498556 56.36501046 50.21502276 56.36501046 0 P 0
L 49.76498556 57.01499646 49.76498556 57.46498286 0 P 0
L 49.76498556 57.01499646 50.21502276 57.01499646 0 P 0
L 49.76498556 57.46498286 50.21502276 57.46498286 0 P 0
L 49.76498556 58.11501966 49.76498556 58.56500606 0 P 0
L 49.76498556 58.11501966 50.21502276 58.11501966 0 P 0
L 49.76498556 58.56500606 50.21502276 58.56500606 0 P 0
L 49.76498556 65.81497886 49.76498556 66.26501606 0 P 0
L 49.76498556 65.81497886 50.21502276 65.81497886 0 P 0
L 49.76498556 66.26501606 50.21502276 66.26501606 0 P 0
L 49.98997876 55.83999246 49.98997876 56.43999126 0 P 0
L 49.98997876 56.94001566 49.98997876 57.54001446 0 P 0
L 49.98997876 58.03998806 49.98997876 58.63998686 0 P 0
L 49.98997876 65.73999806 49.98997876 66.33999686 0 P 0
L 50.21502276 55.91502406 50.21502276 56.36501046 0 P 0
L 50.21502276 57.01499646 50.21502276 57.46498286 0 P 0
L 50.21502276 58.11501966 50.21502276 58.56500606 0 P 0
L 50.21502276 65.81497886 50.21502276 66.26501606 0 P 0
L 50.24002906 60.53999576 50.84002786 60.53999576 0 P 0
L 50.24002906 61.6399961 50.84002786 61.6399961 0 P 0
L 50.24002906 62.73999136 50.84002786 62.73999136 0 P 0
L 50.24002906 64.93999712 50.84002786 64.93999712 0 P 0
L 50.31500986 60.31500256 50.31500986 60.76498896 0 P 0
L 50.31500986 60.31500256 50.76504706 60.31500256 0 P 0
L 50.31500986 60.76498896 50.76504706 60.76498896 0 P 0
L 50.31500986 61.4150029 50.31500986 61.8649893 0 P 0
L 50.31500986 61.4150029 50.76504706 61.4150029 0 P 0
L 50.31500986 61.8649893 50.76504706 61.8649893 0 P 0
L 50.31500986 62.51499816 50.31500986 62.96498456 0 P 0
L 50.31500986 62.51499816 50.76504706 62.51499816 0 P 0
L 50.31500986 62.96498456 50.76504706 62.96498456 0 P 0
L 50.31500986 64.71500392 50.31500986 65.16499032 0 P 0
L 50.31500986 64.71500392 50.76504706 64.71500392 0 P 0
L 50.31500986 65.16499032 50.76504706 65.16499032 0 P 0
L 50.54000306 60.23997096 50.54000306 60.83996976 0 P 0
L 50.54000306 61.3399713 50.54000306 61.9399701 0 P 0
L 50.54000306 62.43996656 50.54000306 63.03996536 0 P 0
L 50.54000306 64.63997232 50.54000306 65.23997112 0 P 0
L 50.76504706 60.31500256 50.76504706 60.76498896 0 P 0
L 50.76504706 61.4150029 50.76504706 61.8649893 0 P 0
L 50.76504706 62.51499816 50.76504706 62.96498456 0 P 0
L 50.76504706 64.71500392 50.76504706 65.16499032 0 P 0
L 50.78997716 56.14001726 51.38997596 56.14001726 0 P 0
L 50.78997716 57.23998966 51.38997596 57.23998966 0 P 0
L 50.78997716 58.34001286 51.38997596 58.34001286 0 P 0
L 50.86500876 55.91502406 50.86500876 56.36501046 0 P 0
L 50.86500876 55.91502406 51.31499516 55.91502406 0 P 0
L 50.86500876 56.36501046 51.31499516 56.36501046 0 P 0
L 50.86500876 57.01499646 50.86500876 57.46498286 0 P 0
L 50.86500876 57.01499646 51.31499516 57.01499646 0 P 0
L 50.86500876 57.46498286 51.31499516 57.46498286 0 P 0
L 50.86500876 58.11501966 50.86500876 58.56500606 0 P 0
L 50.86500876 58.11501966 51.31499516 58.11501966 0 P 0
L 50.86500876 58.56500606 51.31499516 58.56500606 0 P 0
L 51.09000196 55.83999246 51.09000196 56.43999126 0 P 0
L 51.09000196 56.94001566 51.09000196 57.54001446 0 P 0
L 51.09000196 58.03998806 51.09000196 58.63998686 0 P 0
L 51.31499516 55.91502406 51.31499516 56.36501046 0 P 0
L 51.31499516 57.01499646 51.31499516 57.46498286 0 P 0
L 51.31499516 58.11501966 51.31499516 58.56500606 0 P 0
L 51.89000036 56.14001726 52.48999916 56.14001726 0 P 0
L 51.89000036 57.23998966 52.48999916 57.23998966 0 P 0
L 51.89000036 59.43998526 52.48999916 59.43998526 0 P 0
L 51.89000036 60.54000846 52.48999916 60.54000846 0 P 0
L 51.89000036 61.63998086 52.48999916 61.63998086 0 P 0
L 51.89000036 63.83997646 52.48999916 63.83997646 0 P 0
L 51.89000036 64.93999966 52.48999916 64.93999966 0 P 0
L 51.89000036 66.04002286 52.48999916 66.04002286 0 P 0
L 51.89002322 62.74000914 52.49002202 62.74000914 0 P 0
L 51.96498116 55.91502406 51.96498116 56.36501046 0 P 0
L 51.96498116 55.91502406 52.41501836 55.91502406 0 P 0
L 51.96498116 56.36501046 52.41501836 56.36501046 0 P 0
L 51.96498116 57.01499646 51.96498116 57.46498286 0 P 0
L 51.96498116 57.01499646 52.41501836 57.01499646 0 P 0
L 51.96498116 57.46498286 52.41501836 57.46498286 0 P 0
L 51.96498116 59.21499206 51.96498116 59.66497846 0 P 0
L 51.96498116 59.21499206 52.41501836 59.21499206 0 P 0
L 51.96498116 59.66497846 52.41501836 59.66497846 0 P 0
L 51.96498116 60.31501526 51.96498116 60.76500166 0 P 0
L 51.96498116 60.31501526 52.41501836 60.31501526 0 P 0
L 51.96498116 60.76500166 52.41501836 60.76500166 0 P 0
L 51.96498116 61.41498766 51.96498116 61.86502486 0 P 0
L 51.96498116 61.41498766 52.41501836 61.41498766 0 P 0
L 51.96498116 61.86502486 52.41501836 61.86502486 0 P 0
L 51.96498116 63.61498326 51.96498116 64.06502046 0 P 0
L 51.96498116 63.61498326 52.41501836 63.61498326 0 P 0
L 51.96498116 64.06502046 52.41501836 64.06502046 0 P 0
L 51.96498116 64.71500646 51.96498116 65.16499286 0 P 0
L 51.96498116 64.71500646 52.41501836 64.71500646 0 P 0
L 51.96498116 65.16499286 52.41501836 65.16499286 0 P 0
L 51.96498116 65.81497886 51.96498116 66.26501606 0 P 0
L 51.96498116 65.81497886 52.41501836 65.81497886 0 P 0
L 51.96498116 66.26501606 52.41501836 66.26501606 0 P 0
L 51.96500402 62.51501594 51.96500402 62.96500234 0 P 0
L 51.96500402 62.51501594 52.41499042 62.51501594 0 P 0
L 51.96500402 62.96500234 52.41499042 62.96500234 0 P 0
L 52.18999722 62.43998434 52.18999722 63.03998314 0 P 0
L 52.19002516 55.83999246 52.19002516 56.43999126 0 P 0
L 52.19002516 56.94001566 52.19002516 57.54001446 0 P 0
L 52.19002516 59.14001126 52.19002516 59.74001006 0 P 0
L 52.19002516 60.23998366 52.19002516 60.83998246 0 P 0
L 52.19002516 61.34000686 52.19002516 61.94000566 0 P 0
L 52.19002516 63.54000246 52.19002516 64.14000126 0 P 0
L 52.19002516 64.64002566 52.19002516 65.24002446 0 P 0
L 52.19002516 65.73999806 52.19002516 66.33999686 0 P 0
L 52.41499042 62.51501594 52.41499042 62.96500234 0 P 0
L 52.41501836 55.91502406 52.41501836 56.36501046 0 P 0
L 52.41501836 57.01499646 52.41501836 57.46498286 0 P 0
L 52.41501836 59.21499206 52.41501836 59.66497846 0 P 0
L 52.41501836 60.31501526 52.41501836 60.76500166 0 P 0
L 52.41501836 61.41498766 52.41501836 61.86502486 0 P 0
L 52.41501836 63.61498326 52.41501836 64.06502046 0 P 0
L 52.41501836 64.71500646 52.41501836 65.16499286 0 P 0
L 52.41501836 65.81497886 52.41501836 66.26501606 0 P 0
L 52.98997276 62.74000406 53.58997156 62.74000406 0 P 0
L 52.99002356 56.14001726 53.59002236 56.14001726 0 P 0
L 52.99002356 57.23998966 53.59002236 57.23998966 0 P 0
L 52.99002356 58.34001286 53.59002236 58.34001286 0 P 0
L 52.99002356 59.43998526 53.59002236 59.43998526 0 P 0
L 52.99002356 60.54000846 53.59002236 60.54000846 0 P 0
L 52.99002356 61.63998086 53.59002236 61.63998086 0 P 0
L 52.99002356 63.83997646 53.59002236 63.83997646 0 P 0
L 52.99002356 64.93999966 53.59002236 64.93999966 0 P 0
L 52.99002356 66.04002286 53.59002236 66.04002286 0 P 0
L 52.99002356 69.04001686 53.59002236 69.04001686 0 P 0
L 53.06495356 62.51501086 53.06495356 62.96499726 0 P 0
L 53.06495356 62.51501086 53.51499076 62.51501086 0 P 0
L 53.06495356 62.96499726 53.51499076 62.96499726 0 P 0
L 53.06500436 55.91502406 53.06500436 56.36501046 0 P 0
L 53.06500436 55.91502406 53.51499076 55.91502406 0 P 0
L 53.06500436 56.36501046 53.51499076 56.36501046 0 P 0
L 53.06500436 57.01499646 53.06500436 57.46498286 0 P 0
L 53.06500436 57.01499646 53.51499076 57.01499646 0 P 0
L 53.06500436 57.46498286 53.51499076 57.46498286 0 P 0
L 53.06500436 58.11501966 53.06500436 58.56500606 0 P 0
L 53.06500436 58.11501966 53.51499076 58.11501966 0 P 0
L 53.06500436 58.56500606 53.51499076 58.56500606 0 P 0
L 53.06500436 59.21499206 53.06500436 59.66497846 0 P 0
L 53.06500436 59.21499206 53.51499076 59.21499206 0 P 0
L 53.06500436 59.66497846 53.51499076 59.66497846 0 P 0
L 53.06500436 60.31501526 53.06500436 60.76500166 0 P 0
L 53.06500436 60.31501526 53.51499076 60.31501526 0 P 0
L 53.06500436 60.76500166 53.51499076 60.76500166 0 P 0
L 53.06500436 61.41498766 53.06500436 61.86502486 0 P 0
L 53.06500436 61.41498766 53.51499076 61.41498766 0 P 0
L 53.06500436 61.86502486 53.51499076 61.86502486 0 P 0
L 53.06500436 63.61498326 53.06500436 64.06502046 0 P 0
L 53.06500436 63.61498326 53.51499076 63.61498326 0 P 0
L 53.06500436 64.06502046 53.51499076 64.06502046 0 P 0
L 53.06500436 64.71500646 53.06500436 65.16499286 0 P 0
L 53.06500436 64.71500646 53.51499076 64.71500646 0 P 0
L 53.06500436 65.16499286 53.51499076 65.16499286 0 P 0
L 53.06500436 65.81497886 53.06500436 66.26501606 0 P 0
L 53.06500436 65.81497886 53.51499076 65.81497886 0 P 0
L 53.06500436 66.26501606 53.51499076 66.26501606 0 P 0
L 53.06500436 68.81502366 53.06500436 69.26501006 0 P 0
L 53.06500436 68.81502366 53.51499076 68.81502366 0 P 0
L 53.06500436 69.26501006 53.51499076 69.26501006 0 P 0
L 53.28999756 55.83999246 53.28999756 56.43999126 0 P 0
L 53.28999756 56.94001566 53.28999756 57.54001446 0 P 0
L 53.28999756 58.03998806 53.28999756 58.63998686 0 P 0
L 53.28999756 59.14001126 53.28999756 59.74001006 0 P 0
L 53.28999756 60.23998366 53.28999756 60.83998246 0 P 0
L 53.28999756 61.34000686 53.28999756 61.94000566 0 P 0
L 53.28999756 62.43997926 53.28999756 63.03997806 0 P 0
L 53.28999756 63.54000246 53.28999756 64.14000126 0 P 0
L 53.28999756 64.64002566 53.28999756 65.24002446 0 P 0
L 53.28999756 65.73999806 53.28999756 66.33999686 0 P 0
L 53.28999756 68.73999206 53.28999756 69.33999086 0 P 0
L 53.51499076 55.91502406 53.51499076 56.36501046 0 P 0
L 53.51499076 57.01499646 53.51499076 57.46498286 0 P 0
L 53.51499076 58.11501966 53.51499076 58.56500606 0 P 0
L 53.51499076 59.21499206 53.51499076 59.66497846 0 P 0
L 53.51499076 60.31501526 53.51499076 60.76500166 0 P 0
L 53.51499076 61.41498766 53.51499076 61.86502486 0 P 0
L 53.51499076 62.51501086 53.51499076 62.96499726 0 P 0
L 53.51499076 63.61498326 53.51499076 64.06502046 0 P 0
L 53.51499076 64.71500646 53.51499076 65.16499286 0 P 0
L 53.51499076 65.81497886 53.51499076 66.26501606 0 P 0
L 53.51499076 68.81502366 53.51499076 69.26501006 0 P 0
L 54.08999596 56.14001726 54.68999476 56.14001726 0 P 0
L 54.08999596 57.23998966 54.68999476 57.23998966 0 P 0
L 54.08999596 58.34001286 54.68999476 58.34001286 0 P 0
L 54.08999596 59.43998526 54.68999476 59.43998526 0 P 0
L 54.08999596 60.54000846 54.68999476 60.54000846 0 P 0
L 54.08999596 61.63998086 54.68999476 61.63998086 0 P 0
L 54.08999596 62.74000406 54.68999476 62.74000406 0 P 0
L 54.08999596 63.83997646 54.68999476 63.83997646 0 P 0
L 54.08999596 64.93999966 54.68999476 64.93999966 0 P 0
L 54.08999596 66.04002286 54.68999476 66.04002286 0 P 0
L 54.08999596 67.53999446 54.68999476 67.53999446 0 P 0
L 54.08999596 69.04001686 54.68999476 69.04001686 0 P 0
L 54.16497676 55.91502406 54.16497676 56.36501046 0 P 0
L 54.16497676 55.91502406 54.61501396 55.91502406 0 P 0
L 54.16497676 56.36501046 54.61501396 56.36501046 0 P 0
L 54.16497676 57.01499646 54.16497676 57.46498286 0 P 0
L 54.16497676 57.01499646 54.61501396 57.01499646 0 P 0
L 54.16497676 57.46498286 54.61501396 57.46498286 0 P 0
L 54.16497676 58.11501966 54.16497676 58.56500606 0 P 0
L 54.16497676 58.11501966 54.61501396 58.11501966 0 P 0
L 54.16497676 58.56500606 54.61501396 58.56500606 0 P 0
L 54.16497676 59.21499206 54.16497676 59.66497846 0 P 0
L 54.16497676 59.21499206 54.61501396 59.21499206 0 P 0
L 54.16497676 59.66497846 54.61501396 59.66497846 0 P 0
L 54.16497676 60.31501526 54.16497676 60.76500166 0 P 0
L 54.16497676 60.31501526 54.61501396 60.31501526 0 P 0
L 54.16497676 60.76500166 54.61501396 60.76500166 0 P 0
L 54.16497676 61.41498766 54.16497676 61.86502486 0 P 0
L 54.16497676 61.41498766 54.61501396 61.41498766 0 P 0
L 54.16497676 61.86502486 54.61501396 61.86502486 0 P 0
L 54.16497676 62.51501086 54.16497676 62.96499726 0 P 0
L 54.16497676 62.51501086 54.61501396 62.51501086 0 P 0
L 54.16497676 62.96499726 54.61501396 62.96499726 0 P 0
L 54.16497676 63.61498326 54.16497676 64.06502046 0 P 0
L 54.16497676 63.61498326 54.61501396 63.61498326 0 P 0
L 54.16497676 64.06502046 54.61501396 64.06502046 0 P 0
L 54.16497676 64.71500646 54.16497676 65.16499286 0 P 0
L 54.16497676 64.71500646 54.61501396 64.71500646 0 P 0
L 54.16497676 65.16499286 54.61501396 65.16499286 0 P 0
L 54.16497676 65.81497886 54.16497676 66.26501606 0 P 0
L 54.16497676 65.81497886 54.61501396 65.81497886 0 P 0
L 54.16497676 66.26501606 54.61501396 66.26501606 0 P 0
L 54.16497676 67.31500126 54.16497676 67.76498766 0 P 0
L 54.16497676 67.31500126 54.61501396 67.31500126 0 P 0
L 54.16497676 67.76498766 54.61501396 67.76498766 0 P 0
L 54.16497676 68.81502366 54.16497676 69.26501006 0 P 0
L 54.16497676 68.81502366 54.61501396 68.81502366 0 P 0
L 54.16497676 69.26501006 54.61501396 69.26501006 0 P 0
L 54.39002076 55.83999246 54.39002076 56.43999126 0 P 0
L 54.39002076 56.94001566 54.39002076 57.54001446 0 P 0
L 54.39002076 58.03998806 54.39002076 58.63998686 0 P 0
L 54.39002076 59.14001126 54.39002076 59.74001006 0 P 0
L 54.39002076 60.23998366 54.39002076 60.83998246 0 P 0
L 54.39002076 61.34000686 54.39002076 61.94000566 0 P 0
L 54.39002076 62.43997926 54.39002076 63.03997806 0 P 0
L 54.39002076 63.54000246 54.39002076 64.14000126 0 P 0
L 54.39002076 64.64002566 54.39002076 65.24002446 0 P 0
L 54.39002076 65.73999806 54.39002076 66.33999686 0 P 0
L 54.39002076 67.24002046 54.39002076 67.84001926 0 P 0
L 54.39002076 68.73999206 54.39002076 69.33999086 0 P 0
L 54.61501396 55.91502406 54.61501396 56.36501046 0 P 0
L 54.61501396 57.01499646 54.61501396 57.46498286 0 P 0
L 54.61501396 58.11501966 54.61501396 58.56500606 0 P 0
L 54.61501396 59.21499206 54.61501396 59.66497846 0 P 0
L 54.61501396 60.31501526 54.61501396 60.76500166 0 P 0
L 54.61501396 61.41498766 54.61501396 61.86502486 0 P 0
L 54.61501396 62.51501086 54.61501396 62.96499726 0 P 0
L 54.61501396 63.61498326 54.61501396 64.06502046 0 P 0
L 54.61501396 64.71500646 54.61501396 65.16499286 0 P 0
L 54.61501396 65.81497886 54.61501396 66.26501606 0 P 0
L 54.61501396 67.31500126 54.61501396 67.76498766 0 P 0
L 54.61501396 68.81502366 54.61501396 69.26501006 0 P 0
L 209.12589874 -3.41887302 232.49389874 -3.41887302 1 P 0
L 209.12589874 -5.83187302 209.12589874 -3.41887302 1 P 0
L 209.12589874 -5.83187302 232.49389874 -5.83187302 1 P 0
L 215.72986826 -4.76851472 215.72986826 -4.91372144 2 P 0 ;0,1=0,2=0.000000
L 215.72986826 -4.91372144 215.75891062 -5.00084598 2 P 0 ;0,1=0,2=0.000000
L 215.75891062 -4.68139018 215.72986826 -4.76851472 2 P 0 ;0,1=0,2=0.000000
L 215.75891062 -5.00084598 215.78795044 -5.05892816 2 P 0 ;0,1=0,2=0.000000
L 215.78795044 -4.623308 215.75891062 -4.68139018 2 P 0 ;0,1=0,2=0.000000
L 215.78795044 -5.05892816 215.84603262 -5.11701034 2 P 0 ;0,1=0,2=0.000000
L 215.84603262 -4.56522582 215.78795044 -4.623308 2 P 0 ;0,1=0,2=0.000000
L 215.84603262 -5.11701034 215.90411734 -5.1460527 2 P 0 ;0,1=0,2=0.000000
L 215.90411734 -4.53618346 215.84603262 -4.56522582 2 P 0 ;0,1=0,2=0.000000
L 215.90411734 -5.1460527 216.0202817 -5.1460527 2 P 0 ;0,1=0,2=0.000000
L 216.0202817 -4.53618346 215.90411734 -4.53618346 2 P 0 ;0,1=0,2=0.000000
L 216.0202817 -5.1460527 216.07836388 -5.11701034 2 P 0 ;0,1=0,2=0.000000
L 216.07836388 -4.56522582 216.0202817 -4.53618346 2 P 0 ;0,1=0,2=0.000000
L 216.07836388 -5.11701034 216.13644606 -5.05892816 2 P 0 ;0,1=0,2=0.000000
L 216.13644606 -4.623308 216.07836388 -4.56522582 2 P 0 ;0,1=0,2=0.000000
L 216.13644606 -5.05892816 216.16548842 -5.00084598 2 P 0 ;0,1=0,2=0.000000
L 216.16548842 -4.68139018 216.13644606 -4.623308 2 P 0 ;0,1=0,2=0.000000
L 216.33683174 -4.91372144 216.33683174 -4.97180362 2 P 0 ;0,1=0,2=0.000000
L 216.33683174 -4.97180362 216.3658741 -5.05892816 2 P 0 ;0,1=0,2=0.000000
L 216.3658741 -4.8265969 216.33683174 -4.91372144 2 P 0 ;0,1=0,2=0.000000
L 216.3658741 -5.05892816 216.42395628 -5.11701034 2 P 0 ;0,1=0,2=0.000000
L 216.42395628 -4.76851472 216.3658741 -4.8265969 2 P 0 ;0,1=0,2=0.000000
L 216.42395628 -5.11701034 216.48203846 -5.1460527 2 P 0 ;0,1=0,2=0.000000
L 216.48203846 -4.7394749 216.42395628 -4.76851472 2 P 0 ;0,1=0,2=0.000000
L 216.48203846 -5.1460527 216.569163 -5.1460527 2 P 0 ;0,1=0,2=0.000000
L 216.569163 -4.7394749 216.48203846 -4.7394749 2 P 0 ;0,1=0,2=0.000000
L 216.569163 -5.1460527 216.62724518 -5.11701034 2 P 0 ;0,1=0,2=0.000000
L 216.62724518 -4.76851472 216.569163 -4.7394749 2 P 0 ;0,1=0,2=0.000000
L 216.62724518 -5.11701034 216.68532736 -5.05892816 2 P 0 ;0,1=0,2=0.000000
L 216.68532736 -4.8265969 216.62724518 -4.76851472 2 P 0 ;0,1=0,2=0.000000
L 216.68532736 -5.05892816 216.71436972 -4.97180362 2 P 0 ;0,1=0,2=0.000000
L 216.71436972 -4.91372144 216.68532736 -4.8265969 2 P 0 ;0,1=0,2=0.000000
L 216.71436972 -4.97180362 216.71436972 -4.91372144 2 P 0 ;0,1=0,2=0.000000
L 216.84795848 -4.7394749 216.84795848 -5.02988834 2 P 0 ;0,1=0,2=0.000000
L 216.84795848 -5.02988834 216.87700084 -5.11701034 2 P 0 ;0,1=0,2=0.000000
L 216.87700084 -5.11701034 216.93508302 -5.1460527 2 P 0 ;0,1=0,2=0.000000
L 216.93508302 -5.1460527 217.02220756 -5.1460527 2 P 0 ;0,1=0,2=0.000000
L 217.02220756 -5.1460527 217.08028974 -5.11701034 2 P 0 ;0,1=0,2=0.000000
L 217.08028974 -5.11701034 217.16741428 -5.02988834 2 P 0 ;0,1=0,2=0.000000
L 217.16741428 -4.7394749 217.16741428 -5.1460527 2 P 0 ;0,1=0,2=0.000000
L 217.32713964 -4.7394749 217.53042854 -4.7394749 2 P 0 ;0,1=0,2=0.000000
L 217.41426418 -4.53618346 217.41426418 -5.02988834 2 P 0 ;0,1=0,2=0.000000
L 217.41426418 -5.02988834 217.443304 -5.11701034 2 P 0 ;0,1=0,2=0.000000
L 217.443304 -5.11701034 217.50138872 -5.1460527 2 P 0 ;0,1=0,2=0.000000
L 217.50138872 -5.1460527 217.5594709 -5.1460527 2 P 0 ;0,1=0,2=0.000000
L 217.64659544 -4.7394749 217.64659544 -5.1460527 2 P 0 ;0,1=0,2=0.000000
L 217.64659544 -4.91372144 217.6756378 -4.8265969 2 P 0 ;0,1=0,2=0.000000
L 217.6756378 -4.8265969 217.73371998 -4.76851472 2 P 0 ;0,1=0,2=0.000000
L 217.73371998 -4.76851472 217.79180216 -4.7394749 2 P 0 ;0,1=0,2=0.000000
L 217.79180216 -4.7394749 217.8789267 -4.7394749 2 P 0 ;0,1=0,2=0.000000
L 217.96314802 -4.7394749 218.13739456 -5.1460527 2 P 0 ;0,1=0,2=0.000000
L 217.96314802 -5.3493416 217.93410566 -5.3493416 2 P 0 ;0,1=0,2=0.000000
L 218.0212302 -5.32030178 217.96314802 -5.3493416 2 P 0 ;0,1=0,2=0.000000
L 218.07931238 -5.26221706 218.0212302 -5.32030178 2 P 0 ;0,1=0,2=0.000000
L 218.13739456 -5.1460527 218.07931238 -5.26221706 2 P 0 ;0,1=0,2=0.000000
L 218.31164364 -4.7394749 218.13739456 -5.1460527 2 P 0 ;0,1=0,2=0.000000
L 218.41328682 -4.91372144 218.41328682 -4.97180362 2 P 0 ;0,1=0,2=0.000000
L 218.41328682 -4.97180362 218.44232918 -5.05892816 2 P 0 ;0,1=0,2=0.000000
L 218.44232918 -4.8265969 218.41328682 -4.91372144 2 P 0 ;0,1=0,2=0.000000
L 218.44232918 -5.05892816 218.50041136 -5.11701034 2 P 0 ;0,1=0,2=0.000000
L 218.50041136 -4.76851472 218.44232918 -4.8265969 2 P 0 ;0,1=0,2=0.000000
L 218.50041136 -5.11701034 218.55849354 -5.1460527 2 P 0 ;0,1=0,2=0.000000
L 218.55849354 -4.7394749 218.50041136 -4.76851472 2 P 0 ;0,1=0,2=0.000000
L 218.55849354 -5.1460527 218.64561808 -5.1460527 2 P 0 ;0,1=0,2=0.000000
L 218.64561808 -4.7394749 218.55849354 -4.7394749 2 P 0 ;0,1=0,2=0.000000
L 218.64561808 -5.1460527 218.70370026 -5.11701034 2 P 0 ;0,1=0,2=0.000000
L 218.70370026 -4.76851472 218.64561808 -4.7394749 2 P 0 ;0,1=0,2=0.000000
L 218.70370026 -5.11701034 218.76178244 -5.05892816 2 P 0 ;0,1=0,2=0.000000
L 218.76178244 -4.7394749 218.76178244 -5.1460527 2 P 0 ;0,1=0,2=0.000000
L 218.76178244 -4.8265969 218.70370026 -4.76851472 2 P 0 ;0,1=0,2=0.000000
L 218.92441356 -4.7394749 218.92441356 -5.1460527 2 P 0 ;0,1=0,2=0.000000
L 218.92441356 -4.91372144 218.95345592 -4.8265969 2 P 0 ;0,1=0,2=0.000000
L 218.95345592 -4.8265969 219.0115381 -4.76851472 2 P 0 ;0,1=0,2=0.000000
L 219.0115381 -4.76851472 219.06962028 -4.7394749 2 P 0 ;0,1=0,2=0.000000
L 219.06962028 -4.7394749 219.15674482 -4.7394749 2 P 0 ;0,1=0,2=0.000000
L 219.21192378 -4.91372144 219.21192378 -4.97180362 2 P 0 ;0,1=0,2=0.000000
L 219.21192378 -4.97180362 219.24096614 -5.05892816 2 P 0 ;0,1=0,2=0.000000
L 219.24096614 -4.8265969 219.21192378 -4.91372144 2 P 0 ;0,1=0,2=0.000000
L 219.24096614 -5.05892816 219.29904832 -5.11701034 2 P 0 ;0,1=0,2=0.000000
L 219.29904832 -4.76851472 219.24096614 -4.8265969 2 P 0 ;0,1=0,2=0.000000
L 219.29904832 -5.11701034 219.3571305 -5.1460527 2 P 0 ;0,1=0,2=0.000000
L 219.3571305 -4.7394749 219.29904832 -4.76851472 2 P 0 ;0,1=0,2=0.000000
L 219.3571305 -5.1460527 219.44425504 -5.1460527 2 P 0 ;0,1=0,2=0.000000
L 219.44425504 -4.7394749 219.3571305 -4.7394749 2 P 0 ;0,1=0,2=0.000000
L 219.44425504 -5.1460527 219.50233722 -5.11701034 2 P 0 ;0,1=0,2=0.000000
L 219.50233722 -4.76851472 219.44425504 -4.7394749 2 P 0 ;0,1=0,2=0.000000
L 219.50233722 -5.11701034 219.5604194 -5.05892816 2 P 0 ;0,1=0,2=0.000000
L 219.5604194 -4.53618346 219.5604194 -5.1460527 2 P 0 ;0,1=0,2=0.000000
L 219.5604194 -4.8265969 219.50233722 -4.76851472 2 P 0 ;0,1=0,2=0.000000
L 220.20223168 -4.53618346 220.20223168 -5.1460527 2 P 0 ;0,1=0,2=0.000000
L 220.20223168 -4.53618346 220.46360276 -4.53618346 2 P 0 ;0,1=0,2=0.000000
L 220.20223168 -4.8265969 220.46360276 -4.8265969 2 P 0 ;0,1=0,2=0.000000
L 220.46360276 -4.53618346 220.5507273 -4.56522582 2 P 0 ;0,1=0,2=0.000000
L 220.46360276 -4.8265969 220.5507273 -4.85563926 2 P 0 ;0,1=0,2=0.000000
L 220.46360276 -5.1460527 220.20223168 -5.1460527 2 P 0 ;0,1=0,2=0.000000
L 220.5507273 -4.56522582 220.57976966 -4.59426818 2 P 0 ;0,1=0,2=0.000000
L 220.5507273 -4.79755708 220.46360276 -4.8265969 2 P 0 ;0,1=0,2=0.000000
L 220.5507273 -4.85563926 220.57976966 -4.88468162 2 P 0 ;0,1=0,2=0.000000
L 220.5507273 -5.11701034 220.46360276 -5.1460527 2 P 0 ;0,1=0,2=0.000000
L 220.57976966 -4.59426818 220.60880948 -4.65235036 2 P 0 ;0,1=0,2=0.000000
L 220.57976966 -4.76851472 220.5507273 -4.79755708 2 P 0 ;0,1=0,2=0.000000
L 220.57976966 -4.88468162 220.60880948 -4.9427638 2 P 0 ;0,1=0,2=0.000000
L 220.57976966 -5.08797052 220.5507273 -5.11701034 2 P 0 ;0,1=0,2=0.000000
L 220.60880948 -4.65235036 220.60880948 -4.71043254 2 P 0 ;0,1=0,2=0.000000
L 220.60880948 -4.71043254 220.57976966 -4.76851472 2 P 0 ;0,1=0,2=0.000000
L 220.60880948 -4.9427638 220.60880948 -5.02988834 2 P 0 ;0,1=0,2=0.000000
L 220.60880948 -5.02988834 220.57976966 -5.08797052 2 P 0 ;0,1=0,2=0.000000
L 220.745304 -4.91372144 220.745304 -4.97180362 2 P 0 ;0,1=0,2=0.000000
L 220.745304 -4.97180362 220.77434636 -5.05892816 2 P 0 ;0,1=0,2=0.000000
L 220.77434636 -4.8265969 220.745304 -4.91372144 2 P 0 ;0,1=0,2=0.000000
L 220.77434636 -5.05892816 220.83242854 -5.11701034 2 P 0 ;0,1=0,2=0.000000
L 220.83242854 -4.76851472 220.77434636 -4.8265969 2 P 0 ;0,1=0,2=0.000000
L 220.83242854 -5.11701034 220.89051072 -5.1460527 2 P 0 ;0,1=0,2=0.000000
L 220.89051072 -4.7394749 220.83242854 -4.76851472 2 P 0 ;0,1=0,2=0.000000
L 220.89051072 -5.1460527 220.97763526 -5.1460527 2 P 0 ;0,1=0,2=0.000000
L 220.97763526 -4.7394749 220.89051072 -4.7394749 2 P 0 ;0,1=0,2=0.000000
L 220.97763526 -5.1460527 221.03571744 -5.11701034 2 P 0 ;0,1=0,2=0.000000
L 221.03571744 -4.76851472 220.97763526 -4.7394749 2 P 0 ;0,1=0,2=0.000000
L 221.03571744 -5.11701034 221.09379962 -5.05892816 2 P 0 ;0,1=0,2=0.000000
L 221.09379962 -4.8265969 221.03571744 -4.76851472 2 P 0 ;0,1=0,2=0.000000
L 221.09379962 -5.05892816 221.12284198 -4.97180362 2 P 0 ;0,1=0,2=0.000000
L 221.12284198 -4.91372144 221.09379962 -4.8265969 2 P 0 ;0,1=0,2=0.000000
L 221.12284198 -4.97180362 221.12284198 -4.91372144 2 P 0 ;0,1=0,2=0.000000
L 221.25643074 -4.7394749 221.45971964 -4.7394749 2 P 0 ;0,1=0,2=0.000000
L 221.34355528 -4.53618346 221.34355528 -5.02988834 2 P 0 ;0,1=0,2=0.000000
L 221.34355528 -5.02988834 221.3725951 -5.11701034 2 P 0 ;0,1=0,2=0.000000
L 221.3725951 -5.11701034 221.43067982 -5.1460527 2 P 0 ;0,1=0,2=0.000000
L 221.43067982 -5.1460527 221.488762 -5.1460527 2 P 0 ;0,1=0,2=0.000000
L 221.57588654 -4.7394749 221.77917544 -4.7394749 2 P 0 ;0,1=0,2=0.000000
L 221.66301108 -4.53618346 221.66301108 -5.02988834 2 P 0 ;0,1=0,2=0.000000
L 221.66301108 -5.02988834 221.6920509 -5.11701034 2 P 0 ;0,1=0,2=0.000000
L 221.6920509 -5.11701034 221.75013562 -5.1460527 2 P 0 ;0,1=0,2=0.000000
L 221.75013562 -5.1460527 221.8082178 -5.1460527 2 P 0 ;0,1=0,2=0.000000
L 221.89534234 -4.91372144 221.89534234 -4.97180362 2 P 0 ;0,1=0,2=0.000000
L 221.89534234 -4.97180362 221.9243847 -5.05892816 2 P 0 ;0,1=0,2=0.000000
L 221.9243847 -4.8265969 221.89534234 -4.91372144 2 P 0 ;0,1=0,2=0.000000
L 221.9243847 -5.05892816 221.98246688 -5.11701034 2 P 0 ;0,1=0,2=0.000000
L 221.98246688 -4.76851472 221.9243847 -4.8265969 2 P 0 ;0,1=0,2=0.000000
L 221.98246688 -5.11701034 222.04054906 -5.1460527 2 P 0 ;0,1=0,2=0.000000
L 222.04054906 -4.7394749 221.98246688 -4.76851472 2 P 0 ;0,1=0,2=0.000000
L 222.04054906 -5.1460527 222.1276736 -5.1460527 2 P 0 ;0,1=0,2=0.000000
L 222.1276736 -4.7394749 222.04054906 -4.7394749 2 P 0 ;0,1=0,2=0.000000
L 222.1276736 -5.1460527 222.18575578 -5.11701034 2 P 0 ;0,1=0,2=0.000000
L 222.18575578 -4.76851472 222.1276736 -4.7394749 2 P 0 ;0,1=0,2=0.000000
L 222.18575578 -5.11701034 222.24383796 -5.05892816 2 P 0 ;0,1=0,2=0.000000
L 222.24383796 -4.8265969 222.18575578 -4.76851472 2 P 0 ;0,1=0,2=0.000000
L 222.24383796 -5.05892816 222.27288032 -4.97180362 2 P 0 ;0,1=0,2=0.000000
L 222.27288032 -4.91372144 222.24383796 -4.8265969 2 P 0 ;0,1=0,2=0.000000
L 222.27288032 -4.97180362 222.27288032 -4.91372144 2 P 0 ;0,1=0,2=0.000000
L 222.40646908 -4.7394749 222.40646908 -5.1460527 2 P 0 ;0,1=0,2=0.000000
L 222.40646908 -4.85563926 222.49359362 -4.76851472 2 P 0 ;0,1=0,2=0.000000
L 222.49359362 -4.76851472 222.5516758 -4.7394749 2 P 0 ;0,1=0,2=0.000000
L 222.5516758 -4.7394749 222.63880034 -4.7394749 2 P 0 ;0,1=0,2=0.000000
L 222.63880034 -4.7394749 222.69688252 -4.76851472 2 P 0 ;0,1=0,2=0.000000
L 222.69688252 -4.76851472 222.72592488 -4.85563926 2 P 0 ;0,1=0,2=0.000000
L 222.72592488 -4.85563926 222.72592488 -5.1460527 2 P 0 ;0,1=0,2=0.000000
L 222.72592488 -4.85563926 222.81304688 -4.76851472 2 P 0 ;0,1=0,2=0.000000
L 222.81304688 -4.76851472 222.8711316 -4.7394749 2 P 0 ;0,1=0,2=0.000000
L 222.8711316 -4.7394749 222.9582536 -4.7394749 2 P 0 ;0,1=0,2=0.000000
L 222.9582536 -4.7394749 223.01633832 -4.76851472 2 P 0 ;0,1=0,2=0.000000
L 223.01633832 -4.76851472 223.04537814 -4.85563926 2 P 0 ;0,1=0,2=0.000000
L 223.04537814 -4.85563926 223.04537814 -5.1460527 2 P 0 ;0,1=0,2=0.000000
L 232.49389874 -5.83187302 232.49389874 -3.41887302 1 P 0
P 211.53889874 -4.62537302 3 P 0 0
