UNITS=MM
#Layer_Color=8388736
#
#Feature symbol names
#
$0 r49.9999
$1 r199.9996
$2 r127
$3 rect4826x2413

#
#Feature attribute names
#
@0 .nomenclature
@1 .string
@2 .string_angle

#
#Feature attribute text strings
#
&0 Assembly Bottom

#
#Layer features
#
A 9.135999 53.086 9.135999 53.086 8.636 53.086 0 P 0 N
A 11.675999 53.086 11.675999 53.086 11.176 53.086 0 P 0 N
A 14.215999 53.086 14.215999 53.086 13.716 53.086 0 P 0 N
A 16.755999 53.086 16.755999 53.086 16.256 53.086 0 P 0 N
A 19.295999 53.086 19.295999 53.086 18.796 53.086 0 P 0 N
A 19.9039988 44.6024 19.9039988 44.6024 19.304 44.6024 0 P 0 N
A 20.8882488 42.672 20.8882488 42.672 20.28825 42.672 0 P 0 N
A 21.835999 53.086 21.835999 53.086 21.336 53.086 0 P 0 N
A 22.8567488 42.672 22.8567488 42.672 22.25675 42.672 0 P 0 N
A 23.8409988 44.6024 23.8409988 44.6024 23.241 44.6024 0 P 0 N
A 24.37599392 53.086 24.37599392 53.086 23.87599492 53.086 0 P 0 N
A 25.899999 2.794 25.899999 2.794 25.4 2.794 0 P 0 N
A 26.91599392 53.086 26.91599392 53.086 26.41599492 53.086 0 P 0 N
A 28.439999 2.794 28.439999 2.794 27.94 2.794 0 P 0 N
A 29.45599392 53.086 29.45599392 53.086 28.95599492 53.086 0 P 0 N
A 30.979999 2.794 30.979999 2.794 30.48 2.794 0 P 0 N
A 31.99599392 53.086 31.99599392 53.086 31.49599492 53.086 0 P 0 N
A 35.2455988 8.2804 35.2455988 8.2804 34.6456 8.2804 0 P 0 N
A 36.059999 53.086 36.059999 53.086 35.56 53.086 0 P 0 N
A 38.599999 53.086 38.599999 53.086 38.1 53.086 0 P 0 N
A 38.6999988 2.794 38.6999988 2.794 38.1 2.794 0 P 0 N
A 41.139999 2.794 41.139999 2.794 40.64 2.794 0 P 0 N
A 41.139999 53.086 41.139999 53.086 40.64 53.086 0 P 0 N
A 43.679999 2.794 43.679999 2.794 43.18 2.794 0 P 0 N
A 43.679999 53.086 43.679999 53.086 43.18 53.086 0 P 0 N
A 46.219999 2.794 46.219999 2.794 45.72 2.794 0 P 0 N
A 46.219999 53.086 46.219999 53.086 45.72 53.086 0 P 0 N
A 48.759999 53.086 48.759999 53.086 48.26 53.086 0 P 0 N
A 51.29999392 53.086 51.29999392 53.086 50.79999492 53.086 0 P 0 N
A 51.299999 2.794 51.299999 2.794 50.8 2.794 0 P 0 N
A 53.83999392 53.086 53.83999392 53.086 53.33999492 53.086 0 P 0 N
A 53.839999 2.794 53.839999 2.794 53.34 2.794 0 P 0 N
A 58.919999 53.086 58.919999 53.086 58.42 53.086 0 P 0 N
A 61.459999 53.086 61.459999 53.086 60.96 53.086 0 P 0 N
A 63.999999 53.086 63.999999 53.086 63.5 53.086 0 P 0 N
A 66.539999 53.086 66.539999 53.086 66.04 53.086 0 P 0 N
A 69.1799988 53.086 69.1799988 53.086 68.58 53.086 0 P 0 N
A 71.7199988 53.086 71.7199988 53.086 71.12 53.086 0 P 0 N
A 74.159999 53.086 74.159999 53.086 73.66 53.086 0 P 0 N
A 76.699999 53.086 76.699999 53.086 76.2 53.086 0 P 0 N
A 83.837399 8.636 83.837399 8.636 83.3374 8.636 0 P 0 N
A 83.837399 29.2354 83.837399 29.2354 83.3374 29.2354 0 P 0 N
A 83.837399 31.76905 83.837399 31.76905 83.3374 31.76905 0 P 0 N
A 83.837399 34.3027 83.837399 34.3027 83.3374 34.3027 0 P 0 N
A 83.837399 36.83635 83.837399 36.83635 83.3374 36.83635 0 P 0 N
A 83.837399 39.37 83.837399 39.37 83.3374 39.37 0 P 0 N
A 83.837399 49.5046 83.837399 49.5046 83.3374 49.5046 0 P 0 N
A 83.9373988 41.90365 83.9373988 41.90365 83.3374 41.90365 0 P 0 N
A 83.9373988 44.4373 83.9373988 44.4373 83.3374 44.4373 0 P 0 N
A 83.9373988 46.97095 83.9373988 46.97095 83.3374 46.97095 0 P 0 N
A 89.552399 26.6954 89.552399 26.6954 89.0524 26.6954 0 P 0 N
A 89.552399 29.2354 89.552399 29.2354 89.0524 29.2354 0 P 0 N
A 89.552399 31.76905 89.552399 31.76905 89.0524 31.76905 0 P 0 N
A 89.552399 34.3027 89.552399 34.3027 89.0524 34.3027 0 P 0 N
A 89.552399 36.83635 89.552399 36.83635 89.0524 36.83635 0 P 0 N
A 89.552399 39.37 89.552399 39.37 89.0524 39.37 0 P 0 N
A 89.552399 49.5046 89.552399 49.5046 89.0524 49.5046 0 P 0 N
A 89.6523988 41.90365 89.6523988 41.90365 89.0524 41.90365 0 P 0 N
A 89.6523988 44.4373 89.6523988 44.4373 89.0524 44.4373 0 P 0 N
A 89.6523988 46.97095 89.6523988 46.97095 89.0524 46.97095 0 P 0 N
A 96.1039988 38.227 96.1039988 38.227 95.504 38.227 0 P 0 N
L 0.54399942 46.63300046 0.54399942 49.63299954 0 P 0
L 0.54399942 46.63300046 5.04400058 46.63300046 0 P 0
L 0.54399942 49.63299954 5.04400058 49.63299954 0 P 0
L 5.04400058 46.63300046 5.04400058 49.63299954 0 P 0
L 6.52703546 1.83500014 6.52703546 4.83499922 0 P 0
L 6.52703546 1.83500014 16.52703832 1.8349976 0 P 0
L 6.52703546 4.83499922 16.52703578 4.83499668 0 P 0
L 16.52703578 4.83499668 16.52703832 1.8349976 0 P 0
L 95.24002796 21.4099902 95.24002796 21.8600274 0 P 0
L 95.24002796 21.4099902 95.69001436 21.4099902 0 P 0
L 95.24002796 21.8600274 95.69001436 21.8600274 0 P 0
L 95.24002796 22.5100134 95.24002796 22.9599998 0 P 0
L 95.24002796 22.5100134 95.69001436 22.5100134 0 P 0
L 95.24002796 22.9599998 95.69001436 22.9599998 0 P 0
L 95.24002796 23.6099858 95.24002796 24.060023 0 P 0
L 95.24002796 23.6099858 95.69001436 23.6099858 0 P 0
L 95.24002796 24.060023 95.69001436 24.060023 0 P 0
L 95.24002796 24.710009 95.24002796 25.1599954 0 P 0
L 95.24002796 24.710009 95.69001436 24.710009 0 P 0
L 95.24002796 25.1599954 95.69001436 25.1599954 0 P 0
L 95.24002796 25.8099814 95.24002796 26.2600186 0 P 0
L 95.24002796 25.8099814 95.69001436 25.8099814 0 P 0
L 95.24002796 26.2600186 95.69001436 26.2600186 0 P 0
L 95.24002796 26.9100046 95.24002796 27.359991 0 P 0
L 95.24002796 26.9100046 95.69001436 26.9100046 0 P 0
L 95.24002796 27.359991 95.69001436 27.359991 0 P 0
L 95.24002796 28.009977 95.24002796 28.4600142 0 P 0
L 95.24002796 28.009977 95.69001436 28.009977 0 P 0
L 95.24002796 28.4600142 95.69001436 28.4600142 0 P 0
L 95.24002796 29.1100002 95.24002796 29.5599866 0 P 0
L 95.24002796 29.1100002 95.69001436 29.1100002 0 P 0
L 95.24002796 29.5599866 95.69001436 29.5599866 0 P 0
L 95.24002796 30.2100234 95.24002796 30.6600098 0 P 0
L 95.24002796 30.2100234 95.69001436 30.2100234 0 P 0
L 95.24002796 30.6600098 95.69001436 30.6600098 0 P 0
L 95.69001436 21.4099902 95.69001436 21.8600274 0 P 0
L 95.69001436 22.5100134 95.69001436 22.9599998 0 P 0
L 95.69001436 23.6099858 95.69001436 24.060023 0 P 0
L 95.69001436 24.710009 95.69001436 25.1599954 0 P 0
L 95.69001436 25.8099814 95.69001436 26.2600186 0 P 0
L 95.69001436 26.9100046 95.69001436 27.359991 0 P 0
L 95.69001436 28.009977 95.69001436 28.4600142 0 P 0
L 95.69001436 29.1100002 95.69001436 29.5599866 0 P 0
L 95.69001436 30.2100234 95.69001436 30.6600098 0 P 0
L 96.34000036 21.4099902 96.34000036 21.8600274 0 P 0
L 96.34000036 21.4099902 96.78998676 21.4099902 0 P 0
L 96.34000036 21.8600274 96.78998676 21.8600274 0 P 0
L 96.34000036 22.5100134 96.34000036 22.9599998 0 P 0
L 96.34000036 22.5100134 96.78998676 22.5100134 0 P 0
L 96.34000036 22.9599998 96.78998676 22.9599998 0 P 0
L 96.34000036 23.6099858 96.34000036 24.060023 0 P 0
L 96.34000036 23.6099858 96.78998676 23.6099858 0 P 0
L 96.34000036 24.060023 96.78998676 24.060023 0 P 0
L 96.34000036 24.710009 96.34000036 25.1599954 0 P 0
L 96.34000036 24.710009 96.78998676 24.710009 0 P 0
L 96.34000036 25.1599954 96.78998676 25.1599954 0 P 0
L 96.34000036 25.8099814 96.34000036 26.2600186 0 P 0
L 96.34000036 25.8099814 96.78998676 25.8099814 0 P 0
L 96.34000036 26.2600186 96.78998676 26.2600186 0 P 0
L 96.34000036 26.9100046 96.34000036 27.359991 0 P 0
L 96.34000036 26.9100046 96.78998676 26.9100046 0 P 0
L 96.34000036 27.359991 96.78998676 27.359991 0 P 0
L 96.34000036 28.009977 96.34000036 28.4600142 0 P 0
L 96.34000036 28.009977 96.78998676 28.009977 0 P 0
L 96.34000036 28.4600142 96.78998676 28.4600142 0 P 0
L 96.34000036 29.1100002 96.34000036 29.5599866 0 P 0
L 96.34000036 29.1100002 96.78998676 29.1100002 0 P 0
L 96.34000036 29.5599866 96.78998676 29.5599866 0 P 0
L 96.34000036 30.2100234 96.34000036 30.6600098 0 P 0
L 96.34000036 30.2100234 96.78998676 30.2100234 0 P 0
L 96.34000036 30.6600098 96.78998676 30.6600098 0 P 0
L 96.78998676 21.4099902 96.78998676 21.8600274 0 P 0
L 96.78998676 22.5100134 96.78998676 22.9599998 0 P 0
L 96.78998676 23.6099858 96.78998676 24.060023 0 P 0
L 96.78998676 24.710009 96.78998676 25.1599954 0 P 0
L 96.78998676 25.8099814 96.78998676 26.2600186 0 P 0
L 96.78998676 26.9100046 96.78998676 27.359991 0 P 0
L 96.78998676 28.009977 96.78998676 28.4600142 0 P 0
L 96.78998676 29.1100002 96.78998676 29.5599866 0 P 0
L 96.78998676 30.2100234 96.78998676 30.6600098 0 P 0
L 97.44002356 21.4099902 97.44002356 21.8600274 0 P 0
L 97.44002356 21.4099902 97.89000996 21.4099902 0 P 0
L 97.44002356 21.8600274 97.89000996 21.8600274 0 P 0
L 97.44002356 22.5100134 97.44002356 22.9599998 0 P 0
L 97.44002356 22.5100134 97.89000996 22.5100134 0 P 0
L 97.44002356 22.9599998 97.89000996 22.9599998 0 P 0
L 97.44002356 24.710009 97.44002356 25.1599954 0 P 0
L 97.44002356 24.710009 97.89000996 24.710009 0 P 0
L 97.44002356 25.1599954 97.89000996 25.1599954 0 P 0
L 97.44002356 25.8099814 97.44002356 26.2600186 0 P 0
L 97.44002356 25.8099814 97.89000996 25.8099814 0 P 0
L 97.44002356 26.2600186 97.89000996 26.2600186 0 P 0
L 97.44002356 26.9100046 97.44002356 27.359991 0 P 0
L 97.44002356 26.9100046 97.89000996 26.9100046 0 P 0
L 97.44002356 27.359991 97.89000996 27.359991 0 P 0
L 97.44002356 29.1100002 97.44002356 29.5599866 0 P 0
L 97.44002356 29.1100002 97.89000996 29.1100002 0 P 0
L 97.44002356 29.5599866 97.89000996 29.5599866 0 P 0
L 97.44002356 30.2100234 97.44002356 30.6600098 0 P 0
L 97.44002356 30.2100234 97.89000996 30.2100234 0 P 0
L 97.44002356 30.6600098 97.89000996 30.6600098 0 P 0
L 97.89000996 21.4099902 97.89000996 21.8600274 0 P 0
L 97.89000996 22.5100134 97.89000996 22.9599998 0 P 0
L 97.89000996 24.710009 97.89000996 25.1599954 0 P 0
L 97.89000996 25.8099814 97.89000996 26.2600186 0 P 0
L 97.89000996 26.9100046 97.89000996 27.359991 0 P 0
L 97.89000996 29.1100002 97.89000996 29.5599866 0 P 0
L 97.89000996 30.2100234 97.89000996 30.6600098 0 P 0
L 98.53999596 21.4099902 98.53999596 21.8600274 0 P 0
L 98.53999596 21.4099902 98.98998236 21.4099902 0 P 0
L 98.53999596 21.8600274 98.98998236 21.8600274 0 P 0
L 98.53999596 22.5100134 98.53999596 22.9599998 0 P 0
L 98.53999596 22.5100134 98.98998236 22.5100134 0 P 0
L 98.53999596 22.9599998 98.98998236 22.9599998 0 P 0
L 98.53999596 23.6099858 98.53999596 24.060023 0 P 0
L 98.53999596 23.6099858 98.98998236 23.6099858 0 P 0
L 98.53999596 24.060023 98.98998236 24.060023 0 P 0
L 98.53999596 28.009977 98.53999596 28.4600142 0 P 0
L 98.53999596 28.009977 98.98998236 28.009977 0 P 0
L 98.53999596 28.4600142 98.98998236 28.4600142 0 P 0
L 98.53999596 30.2100234 98.53999596 30.6600098 0 P 0
L 98.53999596 30.2100234 98.98998236 30.2100234 0 P 0
L 98.53999596 30.6600098 98.98998236 30.6600098 0 P 0
L 98.54000358 29.1100256 98.54000358 29.560012 0 P 0
L 98.54000358 29.1100256 98.98998998 29.1100256 0 P 0
L 98.54000358 29.560012 98.98998998 29.560012 0 P 0
L 98.98998236 21.4099902 98.98998236 21.8600274 0 P 0
L 98.98998236 22.5100134 98.98998236 22.9599998 0 P 0
L 98.98998236 23.6099858 98.98998236 24.060023 0 P 0
L 98.98998236 28.009977 98.98998236 28.4600142 0 P 0
L 98.98998236 30.2100234 98.98998236 30.6600098 0 P 0
L 98.98998998 29.1100256 98.98998998 29.560012 0 P 0
L 99.64000392 29.11000274 99.64000392 29.55998914 0 P 0
L 99.64000392 29.11000274 100.08999032 29.11000274 0 P 0
L 99.64000392 29.55998914 100.08999032 29.55998914 0 P 0
L 99.64001662 30.21000308 99.64001662 30.65998948 0 P 0
L 99.64001662 30.21000308 100.09000302 30.21000308 0 P 0
L 99.64001662 30.65998948 100.09000302 30.65998948 0 P 0
L 99.64001916 21.4099902 99.64001916 21.8600274 0 P 0
L 99.64001916 21.4099902 100.09000556 21.4099902 0 P 0
L 99.64001916 21.8600274 100.09000556 21.8600274 0 P 0
L 99.64001916 22.5100134 99.64001916 22.9599998 0 P 0
L 99.64001916 22.5100134 100.09000556 22.5100134 0 P 0
L 99.64001916 22.9599998 100.09000556 22.9599998 0 P 0
L 99.64001916 23.6099858 99.64001916 24.060023 0 P 0
L 99.64001916 23.6099858 100.09000556 23.6099858 0 P 0
L 99.64001916 24.060023 100.09000556 24.060023 0 P 0
L 99.64001916 25.25998504 99.64001916 25.71002224 0 P 0
L 99.64001916 25.25998504 100.09000556 25.25998504 0 P 0
L 99.64001916 25.71002224 100.09000556 25.71002224 0 P 0
L 99.64001916 26.35998284 99.64001916 26.81002004 0 P 0
L 99.64001916 26.35998284 100.09000556 26.35998284 0 P 0
L 99.64001916 26.81002004 100.09000556 26.81002004 0 P 0
L 99.64001916 28.009977 99.64001916 28.4600142 0 P 0
L 99.64001916 28.009977 100.09000556 28.009977 0 P 0
L 99.64001916 28.4600142 100.09000556 28.4600142 0 P 0
L 100.08999032 29.11000274 100.08999032 29.55998914 0 P 0
L 100.09000302 30.21000308 100.09000302 30.65998948 0 P 0
L 100.09000556 21.4099902 100.09000556 21.8600274 0 P 0
L 100.09000556 22.5100134 100.09000556 22.9599998 0 P 0
L 100.09000556 23.6099858 100.09000556 24.060023 0 P 0
L 100.09000556 25.25998504 100.09000556 25.71002224 0 P 0
L 100.09000556 26.35998284 100.09000556 26.81002004 0 P 0
L 100.09000556 28.009977 100.09000556 28.4600142 0 P 0
L 100.73999156 21.4099902 100.73999156 21.8600274 0 P 0
L 100.73999156 21.4099902 101.19002876 21.4099902 0 P 0
L 100.73999156 21.8600274 101.19002876 21.8600274 0 P 0
L 100.73999156 22.5100134 100.73999156 22.9599998 0 P 0
L 100.73999156 22.5100134 101.19002876 22.5100134 0 P 0
L 100.73999156 22.9599998 101.19002876 22.9599998 0 P 0
L 100.73999156 23.6099858 100.73999156 24.060023 0 P 0
L 100.73999156 23.6099858 101.19002876 23.6099858 0 P 0
L 100.73999156 24.060023 101.19002876 24.060023 0 P 0
L 100.73999156 28.009977 100.73999156 28.4600142 0 P 0
L 100.73999156 28.009977 101.19002876 28.009977 0 P 0
L 100.73999156 28.4600142 101.19002876 28.4600142 0 P 0
L 100.73999156 29.1100002 100.73999156 29.5599866 0 P 0
L 100.73999156 29.1100002 101.19002876 29.1100002 0 P 0
L 100.73999156 29.5599866 101.19002876 29.5599866 0 P 0
L 100.73999156 30.2100234 100.73999156 30.6600098 0 P 0
L 100.73999156 30.2100234 101.19002876 30.2100234 0 P 0
L 100.73999156 30.6600098 101.19002876 30.6600098 0 P 0
L 100.7400195 25.25998504 100.7400195 25.71002224 0 P 0
L 100.7400195 25.25998504 101.1900059 25.25998504 0 P 0
L 100.7400195 25.71002224 101.1900059 25.71002224 0 P 0
L 100.7400195 26.35998284 100.7400195 26.81002004 0 P 0
L 100.7400195 26.35998284 101.1900059 26.35998284 0 P 0
L 100.7400195 26.81002004 101.1900059 26.81002004 0 P 0
L 101.1900059 25.25998504 101.1900059 25.71002224 0 P 0
L 101.1900059 26.35998284 101.1900059 26.81002004 0 P 0
L 101.19002876 21.4099902 101.19002876 21.8600274 0 P 0
L 101.19002876 22.5100134 101.19002876 22.9599998 0 P 0
L 101.19002876 23.6099858 101.19002876 24.060023 0 P 0
L 101.19002876 28.009977 101.19002876 28.4600142 0 P 0
L 101.19002876 29.1100002 101.19002876 29.5599866 0 P 0
L 101.19002876 30.2100234 101.19002876 30.6600098 0 P 0
L 101.54780046 43.92719942 101.54780046 48.42720058 0 P 0
L 101.54780046 43.92719942 104.54779954 43.92719942 0 P 0
L 101.54780046 48.42720058 104.54779954 48.42720058 0 P 0
L 101.84001476 21.4099902 101.84001476 21.8600274 0 P 0
L 101.84001476 21.4099902 102.29000116 21.4099902 0 P 0
L 101.84001476 21.8600274 102.29000116 21.8600274 0 P 0
L 101.84001476 22.5100134 101.84001476 22.9600506 0 P 0
L 101.84001476 22.5100134 102.29000116 22.5100134 0 P 0
L 101.84001476 22.9600506 102.29000116 22.9600506 0 P 0
L 101.84001476 25.2599825 101.84001476 25.7100197 0 P 0
L 101.84001476 25.2599825 102.29000116 25.2599825 0 P 0
L 101.84001476 25.7100197 102.29000116 25.7100197 0 P 0
L 101.84001476 28.009977 101.84001476 28.4600142 0 P 0
L 101.84001476 28.009977 102.29000116 28.009977 0 P 0
L 101.84001476 28.4600142 102.29000116 28.4600142 0 P 0
L 101.84001476 29.1100002 101.84001476 29.5599866 0 P 0
L 101.84001476 29.1100002 102.29000116 29.1100002 0 P 0
L 101.84001476 29.5599866 102.29000116 29.5599866 0 P 0
L 101.84001476 30.2100234 101.84001476 30.6600098 0 P 0
L 101.84001476 30.2100234 102.29000116 30.2100234 0 P 0
L 101.84001476 30.6600098 102.29000116 30.6600098 0 P 0
L 101.84001984 23.61001374 101.84001984 24.06000014 0 P 0
L 101.84001984 23.61001374 102.29000624 23.61001374 0 P 0
L 101.84001984 24.06000014 102.29000624 24.06000014 0 P 0
L 101.84001984 26.35998284 101.84001984 26.81002004 0 P 0
L 101.84001984 26.35998284 102.29000624 26.35998284 0 P 0
L 101.84001984 26.81002004 102.29000624 26.81002004 0 P 0
L 102.29000116 21.4099902 102.29000116 21.8600274 0 P 0
L 102.29000116 22.5100134 102.29000116 22.9600506 0 P 0
L 102.29000116 25.2599825 102.29000116 25.7100197 0 P 0
L 102.29000116 28.009977 102.29000116 28.4600142 0 P 0
L 102.29000116 29.1100002 102.29000116 29.5599866 0 P 0
L 102.29000116 30.2100234 102.29000116 30.6600098 0 P 0
L 102.29000624 23.61001374 102.29000624 24.06000014 0 P 0
L 102.29000624 26.35998284 102.29000624 26.81002004 0 P 0
L 102.93998716 21.4099902 102.93998716 21.8600274 0 P 0
L 102.93998716 21.4099902 103.39002436 21.4099902 0 P 0
L 102.93998716 21.8600274 103.39002436 21.8600274 0 P 0
L 102.93998716 22.5100134 102.93998716 22.9599998 0 P 0
L 102.93998716 22.5100134 103.39002436 22.5100134 0 P 0
L 102.93998716 22.9599998 103.39002436 22.9599998 0 P 0
L 102.93998716 23.6099858 102.93998716 24.060023 0 P 0
L 102.93998716 23.6099858 103.39002436 23.6099858 0 P 0
L 102.93998716 24.060023 103.39002436 24.060023 0 P 0
L 102.93998716 28.009977 102.93998716 28.4600142 0 P 0
L 102.93998716 28.009977 103.39002436 28.009977 0 P 0
L 102.93998716 28.4600142 103.39002436 28.4600142 0 P 0
L 102.93998716 29.1100129 102.93998716 29.5599993 0 P 0
L 102.93998716 29.1100129 103.38997356 29.1100129 0 P 0
L 102.93998716 29.5599993 103.38997356 29.5599993 0 P 0
L 102.93998716 30.2100234 102.93998716 30.6600098 0 P 0
L 102.93998716 30.2100234 103.39002436 30.2100234 0 P 0
L 102.93998716 30.6600098 103.39002436 30.6600098 0 P 0
L 103.38997356 29.1100129 103.38997356 29.5599993 0 P 0
L 103.39002436 21.4099902 103.39002436 21.8600274 0 P 0
L 103.39002436 22.5100134 103.39002436 22.9599998 0 P 0
L 103.39002436 23.6099858 103.39002436 24.060023 0 P 0
L 103.39002436 28.009977 103.39002436 28.4600142 0 P 0
L 103.39002436 30.2100234 103.39002436 30.6600098 0 P 0
L 104.0399875 30.21097844 104.0399875 30.66096484 0 P 0
L 104.0399875 30.21097844 104.4900247 30.21097844 0 P 0
L 104.0399875 30.66096484 104.4900247 30.66096484 0 P 0
L 104.04001036 21.4099902 104.04001036 21.8600274 0 P 0
L 104.04001036 21.4099902 104.48999676 21.4099902 0 P 0
L 104.04001036 21.8600274 104.48999676 21.8600274 0 P 0
L 104.04001036 22.5100134 104.04001036 22.9599998 0 P 0
L 104.04001036 22.5100134 104.48999676 22.5100134 0 P 0
L 104.04001036 22.9599998 104.48999676 22.9599998 0 P 0
L 104.04001036 23.6099858 104.04001036 24.060023 0 P 0
L 104.04001036 23.6099858 104.48999676 23.6099858 0 P 0
L 104.04001036 24.060023 104.48999676 24.060023 0 P 0
L 104.04001036 28.009977 104.04001036 28.4600142 0 P 0
L 104.04001036 28.009977 104.48999676 28.009977 0 P 0
L 104.04001036 28.4600142 104.48999676 28.4600142 0 P 0
L 104.04001036 29.1100002 104.04001036 29.5599866 0 P 0
L 104.04001036 29.1100002 104.48999676 29.1100002 0 P 0
L 104.04001036 29.5599866 104.48999676 29.5599866 0 P 0
L 104.04002052 25.25998504 104.04002052 25.71002224 0 P 0
L 104.04002052 25.25998504 104.49000692 25.25998504 0 P 0
L 104.04002052 25.71002224 104.49000692 25.71002224 0 P 0
L 104.04002052 26.35998284 104.04002052 26.81002004 0 P 0
L 104.04002052 26.35998284 104.49000692 26.35998284 0 P 0
L 104.04002052 26.81002004 104.49000692 26.81002004 0 P 0
L 104.48999676 21.4099902 104.48999676 21.8600274 0 P 0
L 104.48999676 22.5100134 104.48999676 22.9599998 0 P 0
L 104.48999676 23.6099858 104.48999676 24.060023 0 P 0
L 104.48999676 28.009977 104.48999676 28.4600142 0 P 0
L 104.48999676 29.1100002 104.48999676 29.5599866 0 P 0
L 104.49000692 25.25998504 104.49000692 25.71002224 0 P 0
L 104.49000692 26.35998284 104.49000692 26.81002004 0 P 0
L 104.4900247 30.21097844 104.4900247 30.66096484 0 P 0
L 104.54779954 43.92719942 104.54779954 48.42720058 0 P 0
L 105.13998276 21.4099902 105.13998276 21.8600274 0 P 0
L 105.13998276 21.4099902 105.59001996 21.4099902 0 P 0
L 105.13998276 21.8600274 105.59001996 21.8600274 0 P 0
L 105.13998276 22.5100134 105.13998276 22.9599998 0 P 0
L 105.13998276 22.5100134 105.59001996 22.5100134 0 P 0
L 105.13998276 22.9599998 105.59001996 22.9599998 0 P 0
L 105.13998276 23.6099858 105.13998276 24.060023 0 P 0
L 105.13998276 23.6099858 105.59001996 23.6099858 0 P 0
L 105.13998276 24.060023 105.59001996 24.060023 0 P 0
L 105.13998276 25.8099814 105.13998276 26.2600186 0 P 0
L 105.13998276 25.8099814 105.59001996 25.8099814 0 P 0
L 105.13998276 26.2600186 105.59001996 26.2600186 0 P 0
L 105.13998276 28.009977 105.13998276 28.4600142 0 P 0
L 105.13998276 28.009977 105.59001996 28.009977 0 P 0
L 105.13998276 28.4600142 105.59001996 28.4600142 0 P 0
L 105.13998276 29.1100002 105.13998276 29.5599866 0 P 0
L 105.13998276 29.1100002 105.59001996 29.1100002 0 P 0
L 105.13998276 29.5599866 105.59001996 29.5599866 0 P 0
L 105.13998276 30.2100234 105.13998276 30.6600098 0 P 0
L 105.13998276 30.2100234 105.59001996 30.2100234 0 P 0
L 105.13998276 30.6600098 105.59001996 30.6600098 0 P 0
L 105.59001996 21.4099902 105.59001996 21.8600274 0 P 0
L 105.59001996 22.5100134 105.59001996 22.9599998 0 P 0
L 105.59001996 23.6099858 105.59001996 24.060023 0 P 0
L 105.59001996 25.8099814 105.59001996 26.2600186 0 P 0
L 105.59001996 28.009977 105.59001996 28.4600142 0 P 0
L 105.59001996 29.1100002 105.59001996 29.5599866 0 P 0
L 105.59001996 30.2100234 105.59001996 30.6600098 0 P 0
L 106.64000516 21.4099902 106.64000516 21.8600274 0 P 0
L 106.64000516 21.4099902 107.08999156 21.4099902 0 P 0
L 106.64000516 21.8600274 107.08999156 21.8600274 0 P 0
L 106.64000516 30.2100234 106.64000516 30.6600098 0 P 0
L 106.64000516 30.2100234 107.08999156 30.2100234 0 P 0
L 106.64000516 30.6600098 107.08999156 30.6600098 0 P 0
L 107.08999156 21.4099902 107.08999156 21.8600274 0 P 0
L 107.08999156 30.2100234 107.08999156 30.6600098 0 P 0
L 108.14002756 21.4099902 108.14002756 21.8600274 0 P 0
L 108.14002756 21.4099902 108.59001396 21.4099902 0 P 0
L 108.14002756 21.8600274 108.59001396 21.8600274 0 P 0
L 108.14002756 22.5100134 108.14002756 22.9599998 0 P 0
L 108.14002756 22.5100134 108.59001396 22.5100134 0 P 0
L 108.14002756 22.9599998 108.59001396 22.9599998 0 P 0
L 108.14002756 29.1100002 108.14002756 29.5599866 0 P 0
L 108.14002756 29.1100002 108.59001396 29.1100002 0 P 0
L 108.14002756 29.5599866 108.59001396 29.5599866 0 P 0
L 108.14002756 30.2100234 108.14002756 30.6600098 0 P 0
L 108.14002756 30.2100234 108.59001396 30.2100234 0 P 0
L 108.14002756 30.6600098 108.59001396 30.6600098 0 P 0
L 108.59001396 21.4099902 108.59001396 21.8600274 0 P 0
L 108.59001396 22.5100134 108.59001396 22.9599998 0 P 0
L 108.59001396 29.1100002 108.59001396 29.5599866 0 P 0
L 108.59001396 30.2100234 108.59001396 30.6600098 0 P 0
L 204.5134086 39.58529802 204.5134086 41.99829802 1 P 0
L 204.5134086 39.58529802 227.8814086 39.58529802 1 P 0
L 204.5134086 41.99829802 227.8814086 41.99829802 1 P 0
L 211.26251626 40.60970542 211.74622116 40.60970542 2 P 0 ;0,1=0,2=0.000000
L 211.50436744 41.28689228 211.11740352 40.27111072 2 P 0 ;0,1=0,2=0.000000
L 211.8913339 40.27111072 211.50436744 41.28689228 2 P 0 ;0,1=0,2=0.000000
L 212.12834892 40.80318738 212.17672068 40.7064464 2 P 0 ;0,1=0,2=0.000000
L 212.17672068 40.31948248 212.12834892 40.41622346 2 P 0 ;0,1=0,2=0.000000
L 212.17672068 40.7064464 212.27346166 40.65807464 2 P 0 ;0,1=0,2=0.000000
L 212.17672068 40.89992836 212.12834892 40.80318738 2 P 0 ;0,1=0,2=0.000000
L 212.27346166 40.65807464 212.51531284 40.60970542 2 P 0 ;0,1=0,2=0.000000
L 212.32183088 40.27111072 212.17672068 40.31948248 2 P 0 ;0,1=0,2=0.000000
L 212.32183088 40.94830012 212.17672068 40.89992836 2 P 0 ;0,1=0,2=0.000000
L 212.46694362 40.27111072 212.32183088 40.27111072 2 P 0 ;0,1=0,2=0.000000
L 212.46694362 40.94830012 212.32183088 40.94830012 2 P 0 ;0,1=0,2=0.000000
L 212.51531284 40.60970542 212.61205382 40.56133366 2 P 0 ;0,1=0,2=0.000000
L 212.61205382 40.31948248 212.46694362 40.27111072 2 P 0 ;0,1=0,2=0.000000
L 212.61205382 40.56133366 212.66042558 40.46459268 2 P 0 ;0,1=0,2=0.000000
L 212.61205382 40.89992836 212.46694362 40.94830012 2 P 0 ;0,1=0,2=0.000000
L 212.66042558 40.41622346 212.61205382 40.31948248 2 P 0 ;0,1=0,2=0.000000
L 212.66042558 40.46459268 212.66042558 40.41622346 2 P 0 ;0,1=0,2=0.000000
L 212.66042558 40.80318738 212.61205382 40.89992836 2 P 0 ;0,1=0,2=0.000000
L 212.87325726 40.80318738 212.92162902 40.7064464 2 P 0 ;0,1=0,2=0.000000
L 212.92162902 40.31948248 212.87325726 40.41622346 2 P 0 ;0,1=0,2=0.000000
L 212.92162902 40.7064464 213.01837 40.65807464 2 P 0 ;0,1=0,2=0.000000
L 212.92162902 40.89992836 212.87325726 40.80318738 2 P 0 ;0,1=0,2=0.000000
L 213.01837 40.65807464 213.26022118 40.60970542 2 P 0 ;0,1=0,2=0.000000
L 213.06673922 40.27111072 212.92162902 40.31948248 2 P 0 ;0,1=0,2=0.000000
L 213.06673922 40.94830012 212.92162902 40.89992836 2 P 0 ;0,1=0,2=0.000000
L 213.21185196 40.27111072 213.06673922 40.27111072 2 P 0 ;0,1=0,2=0.000000
L 213.21185196 40.94830012 213.06673922 40.94830012 2 P 0 ;0,1=0,2=0.000000
L 213.26022118 40.60970542 213.35696216 40.56133366 2 P 0 ;0,1=0,2=0.000000
L 213.35696216 40.31948248 213.21185196 40.27111072 2 P 0 ;0,1=0,2=0.000000
L 213.35696216 40.56133366 213.40533392 40.46459268 2 P 0 ;0,1=0,2=0.000000
L 213.35696216 40.89992836 213.21185196 40.94830012 2 P 0 ;0,1=0,2=0.000000
L 213.40533392 40.41622346 213.35696216 40.31948248 2 P 0 ;0,1=0,2=0.000000
L 213.40533392 40.46459268 213.40533392 40.41622346 2 P 0 ;0,1=0,2=0.000000
L 213.40533392 40.80318738 213.35696216 40.89992836 2 P 0 ;0,1=0,2=0.000000
L 213.6181656 40.56133366 213.66653736 40.41622346 2 P 0 ;0,1=0,2=0.000000
L 213.6181656 40.65807464 213.6181656 40.56133366 2 P 0 ;0,1=0,2=0.000000
L 213.6181656 40.65807464 214.19861148 40.65807464 2 P 0 ;0,1=0,2=0.000000
L 213.66653736 40.41622346 213.76327834 40.31948248 2 P 0 ;0,1=0,2=0.000000
L 213.66653736 40.80318738 213.6181656 40.65807464 2 P 0 ;0,1=0,2=0.000000
L 213.76327834 40.31948248 213.86001932 40.27111072 2 P 0 ;0,1=0,2=0.000000
L 213.76327834 40.89992836 213.66653736 40.80318738 2 P 0 ;0,1=0,2=0.000000
L 213.86001932 40.27111072 214.00512952 40.27111072 2 P 0 ;0,1=0,2=0.000000
L 213.86001932 40.94830012 213.76327834 40.89992836 2 P 0 ;0,1=0,2=0.000000
L 214.00512952 40.27111072 214.1018705 40.31948248 2 P 0 ;0,1=0,2=0.000000
L 214.00512952 40.94830012 213.86001932 40.94830012 2 P 0 ;0,1=0,2=0.000000
L 214.1018705 40.31948248 214.19861148 40.41622346 2 P 0 ;0,1=0,2=0.000000
L 214.1018705 40.89992836 214.00512952 40.94830012 2 P 0 ;0,1=0,2=0.000000
L 214.15024226 40.8515566 214.1018705 40.89992836 2 P 0 ;0,1=0,2=0.000000
L 214.19861148 40.65807464 214.19861148 40.75481562 2 P 0 ;0,1=0,2=0.000000
L 214.19861148 40.75481562 214.15024226 40.8515566 2 P 0 ;0,1=0,2=0.000000
L 214.41627932 40.75481562 214.56139206 40.89992836 2 P 0 ;0,1=0,2=0.000000
L 214.41627932 40.94830012 214.41627932 40.27111072 2 P 0 ;0,1=0,2=0.000000
L 214.56139206 40.89992836 214.65813304 40.94830012 2 P 0 ;0,1=0,2=0.000000
L 214.65813304 40.94830012 214.80324324 40.94830012 2 P 0 ;0,1=0,2=0.000000
L 214.80324324 40.94830012 214.89998422 40.89992836 2 P 0 ;0,1=0,2=0.000000
L 214.89998422 40.89992836 214.94835598 40.75481562 2 P 0 ;0,1=0,2=0.000000
L 214.94835598 40.75481562 214.94835598 40.27111072 2 P 0 ;0,1=0,2=0.000000
L 214.94835598 40.75481562 215.09346872 40.89992836 2 P 0 ;0,1=0,2=0.000000
L 215.09346872 40.89992836 215.1902097 40.94830012 2 P 0 ;0,1=0,2=0.000000
L 215.1902097 40.94830012 215.3353199 40.94830012 2 P 0 ;0,1=0,2=0.000000
L 215.3353199 40.94830012 215.43206088 40.89992836 2 P 0 ;0,1=0,2=0.000000
L 215.43206088 40.89992836 215.48043264 40.75481562 2 P 0 ;0,1=0,2=0.000000
L 215.48043264 40.75481562 215.48043264 40.27111072 2 P 0 ;0,1=0,2=0.000000
L 215.79967762 40.80318738 215.8964186 40.89992836 2 P 0 ;0,1=0,2=0.000000
L 215.79967762 41.28689228 215.79967762 40.27111072 2 P 0 ;0,1=0,2=0.000000
L 215.8964186 40.31948248 215.79967762 40.41622346 2 P 0 ;0,1=0,2=0.000000
L 215.8964186 40.89992836 215.99315958 40.94830012 2 P 0 ;0,1=0,2=0.000000
L 215.99315958 40.27111072 215.8964186 40.31948248 2 P 0 ;0,1=0,2=0.000000
L 215.99315958 40.94830012 216.13827232 40.94830012 2 P 0 ;0,1=0,2=0.000000
L 216.13827232 40.27111072 215.99315958 40.27111072 2 P 0 ;0,1=0,2=0.000000
L 216.13827232 40.94830012 216.2350133 40.89992836 2 P 0 ;0,1=0,2=0.000000
L 216.2350133 40.31948248 216.13827232 40.27111072 2 P 0 ;0,1=0,2=0.000000
L 216.2350133 40.89992836 216.33175428 40.80318738 2 P 0 ;0,1=0,2=0.000000
L 216.33175428 40.41622346 216.2350133 40.31948248 2 P 0 ;0,1=0,2=0.000000
L 216.33175428 40.80318738 216.3801235 40.65807464 2 P 0 ;0,1=0,2=0.000000
L 216.3801235 40.56133366 216.33175428 40.41622346 2 P 0 ;0,1=0,2=0.000000
L 216.3801235 40.65807464 216.3801235 40.56133366 2 P 0 ;0,1=0,2=0.000000
L 216.59779134 41.28689228 216.59779134 40.27111072 2 P 0 ;0,1=0,2=0.000000
L 216.85899478 39.93251602 216.81062302 39.93251602 2 P 0 ;0,1=0,2=0.000000
L 216.85899478 40.94830012 217.14921772 40.27111072 2 P 0 ;0,1=0,2=0.000000
L 216.95573576 39.98088778 216.85899478 39.93251602 2 P 0 ;0,1=0,2=0.000000
L 217.05247674 40.07762876 216.95573576 39.98088778 2 P 0 ;0,1=0,2=0.000000
L 217.14921772 40.27111072 217.05247674 40.07762876 2 P 0 ;0,1=0,2=0.000000
L 217.43944066 40.94830012 217.14921772 40.27111072 2 P 0 ;0,1=0,2=0.000000
L 218.40685046 40.80318738 218.84218614 40.80318738 2 P 0 ;0,1=0,2=0.000000
L 218.40685046 41.28689228 218.40685046 40.27111072 2 P 0 ;0,1=0,2=0.000000
L 218.40685046 41.28689228 218.84218614 41.28689228 2 P 0 ;0,1=0,2=0.000000
L 218.84218614 40.27111072 218.40685046 40.27111072 2 P 0 ;0,1=0,2=0.000000
L 218.84218614 40.80318738 218.98729634 40.75481562 2 P 0 ;0,1=0,2=0.000000
L 218.84218614 41.28689228 218.98729634 41.23852306 2 P 0 ;0,1=0,2=0.000000
L 218.98729634 40.31948248 218.84218614 40.27111072 2 P 0 ;0,1=0,2=0.000000
L 218.98729634 40.75481562 219.0356681 40.7064464 2 P 0 ;0,1=0,2=0.000000
L 218.98729634 40.8515566 218.84218614 40.80318738 2 P 0 ;0,1=0,2=0.000000
L 218.98729634 41.23852306 219.0356681 41.1901513 2 P 0 ;0,1=0,2=0.000000
L 219.0356681 40.3678517 218.98729634 40.31948248 2 P 0 ;0,1=0,2=0.000000
L 219.0356681 40.7064464 219.08403986 40.60970542 2 P 0 ;0,1=0,2=0.000000
L 219.0356681 40.89992836 218.98729634 40.8515566 2 P 0 ;0,1=0,2=0.000000
L 219.0356681 41.1901513 219.08403986 41.09341032 2 P 0 ;0,1=0,2=0.000000
L 219.08403986 40.46459268 219.0356681 40.3678517 2 P 0 ;0,1=0,2=0.000000
L 219.08403986 40.60970542 219.08403986 40.46459268 2 P 0 ;0,1=0,2=0.000000
L 219.08403986 40.99666934 219.0356681 40.89992836 2 P 0 ;0,1=0,2=0.000000
L 219.08403986 41.09341032 219.08403986 40.99666934 2 P 0 ;0,1=0,2=0.000000
L 219.31138002 40.56133366 219.35975178 40.41622346 2 P 0 ;0,1=0,2=0.000000
L 219.31138002 40.65807464 219.31138002 40.56133366 2 P 0 ;0,1=0,2=0.000000
L 219.35975178 40.41622346 219.45649276 40.31948248 2 P 0 ;0,1=0,2=0.000000
L 219.35975178 40.80318738 219.31138002 40.65807464 2 P 0 ;0,1=0,2=0.000000
L 219.45649276 40.31948248 219.55323374 40.27111072 2 P 0 ;0,1=0,2=0.000000
L 219.45649276 40.89992836 219.35975178 40.80318738 2 P 0 ;0,1=0,2=0.000000
L 219.55323374 40.27111072 219.69834394 40.27111072 2 P 0 ;0,1=0,2=0.000000
L 219.55323374 40.94830012 219.45649276 40.89992836 2 P 0 ;0,1=0,2=0.000000
L 219.69834394 40.27111072 219.79508492 40.31948248 2 P 0 ;0,1=0,2=0.000000
L 219.69834394 40.94830012 219.55323374 40.94830012 2 P 0 ;0,1=0,2=0.000000
L 219.79508492 40.31948248 219.8918259 40.41622346 2 P 0 ;0,1=0,2=0.000000
L 219.79508492 40.89992836 219.69834394 40.94830012 2 P 0 ;0,1=0,2=0.000000
L 219.8918259 40.41622346 219.94019766 40.56133366 2 P 0 ;0,1=0,2=0.000000
L 219.8918259 40.80318738 219.79508492 40.89992836 2 P 0 ;0,1=0,2=0.000000
L 219.94019766 40.56133366 219.94019766 40.65807464 2 P 0 ;0,1=0,2=0.000000
L 219.94019766 40.65807464 219.8918259 40.80318738 2 P 0 ;0,1=0,2=0.000000
L 220.16270166 40.94830012 220.50129636 40.94830012 2 P 0 ;0,1=0,2=0.000000
L 220.3078144 40.46459268 220.35618362 40.31948248 2 P 0 ;0,1=0,2=0.000000
L 220.3078144 41.28689228 220.3078144 40.46459268 2 P 0 ;0,1=0,2=0.000000
L 220.35618362 40.31948248 220.4529246 40.27111072 2 P 0 ;0,1=0,2=0.000000
L 220.4529246 40.27111072 220.54966558 40.27111072 2 P 0 ;0,1=0,2=0.000000
L 220.69477832 40.94830012 221.03337302 40.94830012 2 P 0 ;0,1=0,2=0.000000
L 220.83989106 40.46459268 220.88826028 40.31948248 2 P 0 ;0,1=0,2=0.000000
L 220.83989106 41.28689228 220.83989106 40.46459268 2 P 0 ;0,1=0,2=0.000000
L 220.88826028 40.31948248 220.98500126 40.27111072 2 P 0 ;0,1=0,2=0.000000
L 220.98500126 40.27111072 221.08174224 40.27111072 2 P 0 ;0,1=0,2=0.000000
L 221.22685498 40.56133366 221.27522674 40.41622346 2 P 0 ;0,1=0,2=0.000000
L 221.22685498 40.65807464 221.22685498 40.56133366 2 P 0 ;0,1=0,2=0.000000
L 221.27522674 40.41622346 221.37196772 40.31948248 2 P 0 ;0,1=0,2=0.000000
L 221.27522674 40.80318738 221.22685498 40.65807464 2 P 0 ;0,1=0,2=0.000000
L 221.37196772 40.31948248 221.4687087 40.27111072 2 P 0 ;0,1=0,2=0.000000
L 221.37196772 40.89992836 221.27522674 40.80318738 2 P 0 ;0,1=0,2=0.000000
L 221.4687087 40.27111072 221.6138189 40.27111072 2 P 0 ;0,1=0,2=0.000000
L 221.4687087 40.94830012 221.37196772 40.89992836 2 P 0 ;0,1=0,2=0.000000
L 221.6138189 40.27111072 221.71055988 40.31948248 2 P 0 ;0,1=0,2=0.000000
L 221.6138189 40.94830012 221.4687087 40.94830012 2 P 0 ;0,1=0,2=0.000000
L 221.71055988 40.31948248 221.80730086 40.41622346 2 P 0 ;0,1=0,2=0.000000
L 221.71055988 40.89992836 221.6138189 40.94830012 2 P 0 ;0,1=0,2=0.000000
L 221.80730086 40.41622346 221.85567262 40.56133366 2 P 0 ;0,1=0,2=0.000000
L 221.80730086 40.80318738 221.71055988 40.89992836 2 P 0 ;0,1=0,2=0.000000
L 221.85567262 40.56133366 221.85567262 40.65807464 2 P 0 ;0,1=0,2=0.000000
L 221.85567262 40.65807464 221.80730086 40.80318738 2 P 0 ;0,1=0,2=0.000000
L 222.07817662 40.75481562 222.22328936 40.89992836 2 P 0 ;0,1=0,2=0.000000
L 222.07817662 40.94830012 222.07817662 40.27111072 2 P 0 ;0,1=0,2=0.000000
L 222.22328936 40.89992836 222.32003034 40.94830012 2 P 0 ;0,1=0,2=0.000000
L 222.32003034 40.94830012 222.46514054 40.94830012 2 P 0 ;0,1=0,2=0.000000
L 222.46514054 40.94830012 222.56188152 40.89992836 2 P 0 ;0,1=0,2=0.000000
L 222.56188152 40.89992836 222.61025328 40.75481562 2 P 0 ;0,1=0,2=0.000000
L 222.61025328 40.75481562 222.61025328 40.27111072 2 P 0 ;0,1=0,2=0.000000
L 222.61025328 40.75481562 222.75536602 40.89992836 2 P 0 ;0,1=0,2=0.000000
L 222.75536602 40.89992836 222.852107 40.94830012 2 P 0 ;0,1=0,2=0.000000
L 222.852107 40.94830012 222.9972172 40.94830012 2 P 0 ;0,1=0,2=0.000000
L 222.9972172 40.94830012 223.09395818 40.89992836 2 P 0 ;0,1=0,2=0.000000
L 223.09395818 40.89992836 223.14232994 40.75481562 2 P 0 ;0,1=0,2=0.000000
L 223.14232994 40.75481562 223.14232994 40.27111072 2 P 0 ;0,1=0,2=0.000000
L 227.8814086 39.58529802 227.8814086 41.99829802 1 P 0
P 206.9264086 40.79179548 3 P 0 0
