UNITS=MM
#Layer_Color=0
#
#Feature symbol names
#
$0 r49.9999
$1 r99.9998
$2 r9.99998
$3 r5.00126
$4 r199.9996
$5 r127
$6 rect4826x2413

#
#Feature attribute names
#
@0 .nomenclature
@1 .string
@2 .string_angle

#
#Feature attribute text strings
#
&0 Coutryard Bottom

#
#Layer features
#
A 47.62339726 52.9844 48.25839726 52.3494 48.25839726 52.9844 0 P 0 N
A 47.75039726 60.3504 47.62339726 59.9694 48.25839726 59.9694 0 P 0 N
A 50.03639726 62.2554 49.02039726 62.2554 49.52839726 61.8744 0 P 0 N
A 50.79839726 52.3494 51.43339726 52.9844 50.79839726 52.9844 0 P 0 N
A 51.43339726 59.9694 51.30639726 60.3504 50.79839726 59.9694 0 P 0 N
A 52.959 65.0494 53.594 64.4144 53.594 65.0494 0 P 0 N
A 53.594 68.2244 52.959 67.5894 53.594 67.5894 0 P 0 N
A 60.579 64.4144 60.96 64.5414 60.579 65.0494 0 P 0 N
A 60.96 68.0974 60.579 68.2244 60.579 67.5894 0 P 0 N
A 62.865 65.8114 62.865 66.8274 62.484 66.3194 0 P 0 N
L 3.47281246 15.89100454 3.47281246 17.41099134 3 P 0
L 3.47281246 15.89100454 4.27281086 15.89100454 3 P 0
L 3.47281246 17.41099134 4.27281086 17.41099134 3 P 0
L 3.57278686 16.65102334 4.17278566 16.65102334 2 P 0
L 3.87281166 16.35099854 3.87281166 16.95099734 2 P 0
L 4.27281086 15.89100454 4.27281086 17.41099134 3 P 0
L 12.31117426 31.7596012 12.31117426 32.9595988 0 P 0
L 12.31117426 31.7596012 14.71122026 31.7596012 0 P 0
L 12.31117426 32.9595988 14.71122026 32.9595988 0 P 0
L 12.33657426 29.1434012 12.33657426 30.3433988 0 P 0
L 12.33657426 29.1434012 14.73662026 29.1434012 0 P 0
L 12.33657426 30.3433988 14.73662026 30.3433988 0 P 0
L 13.03619186 32.3596 13.98620266 32.3596 0 P 0
L 13.06159186 29.7434 14.01160266 29.7434 0 P 0
L 13.51122266 31.88462 13.51122266 32.83458 0 P 0
L 13.53662266 29.26842 13.53662266 30.21838 0 P 0
L 13.88319804 15.11579908 13.88319804 19.71580004 0 P 0
L 13.88319804 15.11579908 16.18319852 15.11579908 0 P 0
L 13.88319804 19.71580004 16.18319852 19.71580004 0 P 0
L 13.93599702 20.30299978 13.93599702 24.90300074 0 P 0
L 13.93599702 20.30299978 16.2359975 20.30299978 0 P 0
L 13.93599702 24.90300074 16.2359975 24.90300074 0 P 0
L 14.53319928 17.41579956 15.53319982 17.41579956 1 P 0
L 14.58599826 22.60300026 15.5859988 22.60300026 1 P 0
L 14.71122026 31.7596012 14.71122026 32.9595988 0 P 0
L 14.73662026 29.1434012 14.73662026 30.3433988 0 P 0
L 15.03319828 16.91580056 15.03319828 17.91579856 1 P 0
L 15.08599726 22.10300126 15.08599726 23.10299926 1 P 0
L 16.18319852 15.11579908 16.18319852 19.71580004 0 P 0
L 16.2359975 20.30299978 16.2359975 24.90300074 0 P 0
L 19.44019734 66.95219782 19.44019734 67.75219876 0 P 0
L 19.44019734 66.95219782 21.04019922 66.95219782 0 P 0
L 19.44019734 67.75219876 21.04019922 67.75219876 0 P 0
L 19.44019734 68.41692946 19.44019734 69.2169304 0 P 0
L 19.44019734 68.41692946 21.04019922 68.41692946 0 P 0
L 19.44019734 69.2169304 21.04019922 69.2169304 0 P 0
L 19.44019734 69.8816611 19.44019734 70.68166204 0 P 0
L 19.44019734 69.8816611 21.04019922 69.8816611 0 P 0
L 19.44019734 70.68166204 21.04019922 70.68166204 0 P 0
L 19.44019734 71.34639274 19.44019734 72.14639368 0 P 0
L 19.44019734 71.34639274 21.04019922 71.34639274 0 P 0
L 19.44019734 72.14639368 21.04019922 72.14639368 0 P 0
L 19.94019888 67.35219956 20.54019768 67.35219956 0 P 0
L 19.94019888 68.8169312 20.54019768 68.8169312 0 P 0
L 19.94019888 70.28166284 20.54019768 70.28166284 0 P 0
L 19.94019888 71.74639448 20.54019768 71.74639448 0 P 0
L 20.24019828 67.05220016 20.24019828 67.65219896 0 P 0
L 20.24019828 68.5169318 20.24019828 69.1169306 0 P 0
L 20.24019828 69.98166344 20.24019828 70.58166224 0 P 0
L 20.24019828 71.44639508 20.24019828 72.04639388 0 P 0
L 21.04019922 66.95219782 21.04019922 67.75219876 0 P 0
L 21.04019922 68.41692946 21.04019922 69.2169304 0 P 0
L 21.04019922 69.8816611 21.04019922 70.68166204 0 P 0
L 21.04019922 71.34639274 21.04019922 72.14639368 0 P 0
L 27.94919734 52.32179782 27.94919734 53.12179876 0 P 0
L 27.94919734 52.32179782 29.54919922 52.32179782 0 P 0
L 27.94919734 53.12179876 29.54919922 53.12179876 0 P 0
L 28.44919888 52.72179956 29.04919768 52.72179956 0 P 0
L 28.74919828 52.42180016 28.74919828 53.02179896 0 P 0
L 29.24339846 54.60379986 29.24339846 57.00380014 0 P 0
L 29.24339846 54.60379986 30.44339606 54.60379986 0 P 0
L 29.24339846 57.00380014 30.44339606 57.00380014 0 P 0
L 29.36839694 55.8038 30.31839758 55.8038 0 P 0
L 29.54919922 52.32179782 29.54919922 53.12179876 0 P 0
L 29.84339726 55.32879968 29.84339726 56.27880032 0 P 0
L 30.44339606 54.60379986 30.44339606 57.00380014 0 P 0
L 30.63474696 54.60860046 30.63474696 57.00860074 0 P 0
L 30.63474696 54.60860046 31.83474456 54.60860046 0 P 0
L 30.63474696 57.00860074 31.83474456 57.00860074 0 P 0
L 30.75974544 55.8086006 31.70974608 55.8086006 0 P 0
L 31.23474576 55.33360028 31.23474576 56.28360092 0 P 0
L 31.83474456 54.60860046 31.83474456 57.00860074 0 P 0
L 32.01199846 54.60860046 32.01199846 57.00860074 0 P 0
L 32.01199846 54.60860046 33.21199606 54.60860046 0 P 0
L 32.01199846 57.00860074 33.21199606 57.00860074 0 P 0
L 32.13699694 55.8086006 33.08699758 55.8086006 0 P 0
L 32.61199726 55.33360028 32.61199726 56.28360092 0 P 0
L 33.21199606 54.60860046 33.21199606 57.00860074 0 P 0
L 33.38924996 54.60860046 33.38924996 57.00860074 0 P 0
L 33.38924996 54.60860046 34.58924756 54.60860046 0 P 0
L 33.38924996 57.00860074 34.58924756 57.00860074 0 P 0
L 33.51424844 55.8086006 34.46424908 55.8086006 0 P 0
L 33.58159654 117.45379862 33.58159654 119.0538005 0 P 0
L 33.58159654 117.45379862 34.38159748 117.45379862 0 P 0
L 33.58159654 119.0538005 34.38159748 119.0538005 0 P 0
L 33.68159888 118.25379956 34.28159768 118.25379956 0 P 0
L 33.98159828 117.95380016 33.98159828 118.55379896 0 P 0
L 33.98924876 55.33360028 33.98924876 56.28360092 0 P 0
L 34.38159748 117.45379862 34.38159748 119.0538005 0 P 0
L 34.58924756 54.60860046 34.58924756 57.00860074 0 P 0
L 34.78059846 54.60860046 34.78059846 57.00860074 0 P 0
L 34.78059846 54.60860046 35.98059606 54.60860046 0 P 0
L 34.78059846 57.00860074 35.98059606 57.00860074 0 P 0
L 34.90559694 55.8086006 35.85559758 55.8086006 0 P 0
L 35.38059726 55.33360028 35.38059726 56.28360092 0 P 0
L 35.39139734 52.27100036 35.39139734 53.0710013 0 P 0
L 35.39139734 52.27100036 36.99139922 52.27100036 0 P 0
L 35.39139734 53.0710013 36.99139922 53.0710013 0 P 0
L 35.89139888 52.67099956 36.49139768 52.67099956 0 P 0
L 35.98059606 54.60860046 35.98059606 57.00860074 0 P 0
L 36.17759846 54.60860046 36.17759846 57.00860074 0 P 0
L 36.17759846 54.60860046 37.37759606 54.60860046 0 P 0
L 36.17759846 57.00860074 37.37759606 57.00860074 0 P 0
L 36.19139828 52.37100016 36.19139828 52.97099896 0 P 0
L 36.30259694 55.8086006 37.25259758 55.8086006 0 P 0
L 36.77759726 55.33360028 36.77759726 56.28360092 0 P 0
L 36.99139922 52.27100036 36.99139922 53.0710013 0 P 0
L 37.37759606 54.60860046 37.37759606 57.00860074 0 P 0
L 37.53339712 106.1054012 37.53339712 107.3053988 0 P 0
L 37.53339712 106.1054012 39.9333974 106.1054012 0 P 0
L 37.53339712 107.3053988 39.9333974 107.3053988 0 P 0
L 37.55484996 54.60860046 37.55484996 57.00860074 0 P 0
L 37.55484996 54.60860046 38.75484756 54.60860046 0 P 0
L 37.55484996 57.00860074 38.75484756 57.00860074 0 P 0
L 37.67984844 55.8086006 38.62984908 55.8086006 0 P 0
L 37.69267544 116.45363552 37.69267544 118.0536374 0 P 0
L 37.69267544 116.45363552 38.49267638 116.45363552 0 P 0
L 37.69267544 118.0536374 38.49267638 118.0536374 0 P 0
L 37.79267524 117.25363646 38.39267404 117.25363646 0 P 0
L 38.09267464 116.95363706 38.09267464 117.55363586 0 P 0
L 38.15484876 55.33360028 38.15484876 56.28360092 0 P 0
L 38.25839694 106.7054 39.20839758 106.7054 0 P 0
L 38.49267638 116.45363552 38.49267638 118.0536374 0 P 0
L 38.73339726 106.23039968 38.73339726 107.18040032 0 P 0
L 38.75484756 54.60860046 38.75484756 57.00860074 0 P 0
L 39.9333974 106.1054012 39.9333974 107.3053988 0 P 0
L 40.7399871 114.2580138 40.7399871 115.4580114 0 P 0
L 40.7399871 114.2580138 43.13998738 114.2580138 0 P 0
L 40.7399871 115.4580114 43.13998738 115.4580114 0 P 0
L 40.89634442 54.60860046 40.89634442 57.00860074 0 P 0
L 40.89634442 54.60860046 42.09634202 54.60860046 0 P 0
L 40.89634442 57.00860074 42.09634202 57.00860074 0 P 0
L 41.0213429 55.8086006 41.97134354 55.8086006 0 P 0
L 41.46498692 114.8580126 42.41498756 114.8580126 0 P 0
L 41.49634322 55.33360028 41.49634322 56.28360092 0 P 0
L 41.6291776 113.1632611 41.6291776 113.99326198 3 P 0
L 41.6291776 113.1632611 41.64417884 113.1632611 3 P 0
L 41.6291776 113.99326198 41.64417884 113.99326198 3 P 0
L 41.64417884 113.05326132 41.64417884 113.1632611 3 P 0
L 41.64417884 113.05326132 42.14417784 113.05326132 3 P 0
L 41.64417884 113.99326198 41.64417884 114.10326176 3 P 0
L 41.64417884 114.10326176 42.14417784 114.10326176 3 P 0
L 41.8141785 113.57826154 41.97417818 113.57826154 2 P 0
L 41.89417834 113.4982617 41.89417834 113.65826138 2 P 0
L 41.93998724 114.38301228 41.93998724 115.33301292 0 P 0
L 42.09634202 54.60860046 42.09634202 57.00860074 0 P 0
L 42.14417784 113.05326132 42.14417784 113.1632611 3 P 0
L 42.14417784 113.1632611 42.15917908 113.1632611 3 P 0
L 42.14417784 113.99326198 42.14417784 114.10326176 3 P 0
L 42.14417784 113.99326198 42.15917908 113.99326198 3 P 0
L 42.15917908 113.1632611 42.15917908 113.99326198 3 P 0
L 42.27359846 54.60860046 42.27359846 57.00860074 0 P 0
L 42.27359846 54.60860046 43.47359606 54.60860046 0 P 0
L 42.27359846 57.00860074 43.47359606 57.00860074 0 P 0
L 42.29143434 112.58325972 42.29143434 114.10326176 3 P 0
L 42.29143434 112.58325972 43.09143274 112.58325972 3 P 0
L 42.29143434 114.10326176 43.09143274 114.10326176 3 P 0
L 42.39143414 113.34326074 42.99143294 113.34326074 2 P 0
L 42.39859694 55.8086006 43.34859758 55.8086006 0 P 0
L 42.69143354 113.0432588 42.69143354 113.64326014 2 P 0
L 42.87359726 55.33360028 42.87359726 56.28360092 0 P 0
L 42.87705928 53.23087398 42.87705928 54.03087492 0 P 0
L 42.87705928 53.23087398 44.47706116 53.23087398 0 P 0
L 42.87705928 54.03087492 44.47706116 54.03087492 0 P 0
L 43.09143274 112.58325972 43.09143274 114.10326176 3 P 0
L 43.13998738 114.2580138 43.13998738 115.4580114 0 P 0
L 43.37706082 53.63087318 43.97705962 53.63087318 0 P 0
L 43.47359606 54.60860046 43.47359606 57.00860074 0 P 0
L 43.67059846 54.60860046 43.67059846 57.00860074 0 P 0
L 43.67059846 54.60860046 44.87059606 54.60860046 0 P 0
L 43.67059846 57.00860074 44.87059606 57.00860074 0 P 0
L 43.67706022 53.33087378 43.67706022 53.93087258 0 P 0
L 43.79559694 55.8086006 44.74559758 55.8086006 0 P 0
L 44.26439712 106.8928012 44.26439712 108.0927988 0 P 0
L 44.26439712 106.8928012 46.6643974 106.8928012 0 P 0
L 44.26439712 108.0927988 46.6643974 108.0927988 0 P 0
L 44.27059726 55.33360028 44.27059726 56.28360092 0 P 0
L 44.47706116 53.23087398 44.47706116 54.03087492 0 P 0
L 44.87059606 54.60860046 44.87059606 57.00860074 0 P 0
L 44.98939694 107.4928 45.93939758 107.4928 0 P 0
L 45.46439726 107.01779968 45.46439726 107.96780032 0 P 0
L 45.56945928 49.64947398 45.56945928 50.44947492 0 P 0
L 45.56945928 49.64947398 47.16946116 49.64947398 0 P 0
L 45.56945928 50.44947492 47.16946116 50.44947492 0 P 0
L 45.64565928 48.35407398 45.64565928 49.15407492 0 P 0
L 45.64565928 48.35407398 47.24566116 48.35407398 0 P 0
L 45.64565928 49.15407492 47.24566116 49.15407492 0 P 0
L 45.69645928 47.18567398 45.69645928 47.98567492 0 P 0
L 45.69645928 47.18567398 47.29646116 47.18567398 0 P 0
L 45.69645928 47.98567492 47.29646116 47.98567492 0 P 0
L 46.06946082 50.04947318 46.66945962 50.04947318 0 P 0
L 46.14566082 48.75407318 46.74565962 48.75407318 0 P 0
L 46.19646082 47.58567318 46.79645962 47.58567318 0 P 0
L 46.36946022 49.74947378 46.36946022 50.34947258 0 P 0
L 46.44566022 48.45407378 46.44566022 49.05407258 0 P 0
L 46.49646022 47.28567378 46.49646022 47.88567258 0 P 0
L 46.6643974 106.8928012 46.6643974 108.0927988 0 P 0
L 47.16946116 49.64947398 47.16946116 50.44947492 0 P 0
L 47.24566116 48.35407398 47.24566116 49.15407492 0 P 0
L 47.29646116 47.18567398 47.29646116 47.98567492 0 P 0
L 47.62339726 52.9844 47.62339726 59.9694 0 P 0
L 47.75039726 60.3504 49.02039726 62.2554 0 P 0
L 48.25839726 52.3494 50.79839726 52.3494 0 P 0
L 50.03639726 62.2554 51.30639726 60.3504 0 P 0
L 51.43339726 52.9844 51.43339726 59.9694 0 P 0
L 52.959 65.0494 52.959 67.5894 0 P 0
L 53.594 64.4144 60.579 64.4144 0 P 0
L 53.594 68.2244 60.579 68.2244 0 P 0
L 55.99279632 71.22164318 55.99279632 72.02164412 0 P 0
L 55.99279632 71.22164318 57.5927982 71.22164318 0 P 0
L 55.99279632 72.02164412 57.5927982 72.02164412 0 P 0
L 55.99279632 73.79974572 55.99279632 74.59974666 0 P 0
L 55.99279632 73.79974572 57.5927982 73.79974572 0 P 0
L 55.99279632 74.59974666 57.5927982 74.59974666 0 P 0
L 55.99279886 69.9326008 55.99279886 70.7325992 0 P 0
L 55.99279886 69.9326008 57.59279566 69.9326008 0 P 0
L 55.99279886 70.7325992 57.59279566 70.7325992 0 P 0
L 55.99279886 72.5107008 55.99279886 73.3106992 0 P 0
L 55.99279886 72.5107008 57.59279566 72.5107008 0 P 0
L 55.99279886 73.3106992 57.59279566 73.3106992 0 P 0
L 55.99279886 75.0888008 55.99279886 75.8887992 0 P 0
L 55.99279886 75.0888008 57.59279566 75.0888008 0 P 0
L 55.99279886 75.8887992 57.59279566 75.8887992 0 P 0
L 56.49277246 70.3326 57.09277126 70.3326 0 P 0
L 56.49277246 72.9107 57.09277126 72.9107 0 P 0
L 56.49277246 75.4888 57.09277126 75.4888 0 P 0
L 56.49279786 71.62164492 57.09279666 71.62164492 0 P 0
L 56.49279786 74.19974492 57.09279666 74.19974492 0 P 0
L 56.51779908 105.16019862 56.51779908 106.7602005 0 P 0
L 56.51779908 105.16019862 57.31780002 105.16019862 0 P 0
L 56.51779908 106.7602005 57.31780002 106.7602005 0 P 0
L 56.61779888 105.96019956 57.21779768 105.96019956 0 P 0
L 56.79279726 70.0325752 56.79279726 70.632574 0 P 0
L 56.79279726 71.32164552 56.79279726 71.92164432 0 P 0
L 56.79279726 72.610726 56.79279726 73.2107248 0 P 0
L 56.79279726 73.89974552 56.79279726 74.49974432 0 P 0
L 56.79279726 75.1887752 56.79279726 75.788774 0 P 0
L 56.91779828 105.66020016 56.91779828 106.26019896 0 P 0
L 57.2947927 113.6067959 57.2947927 122.2067787 0 P 0
L 57.2947927 113.6067959 62.8947815 113.6067959 0 P 0
L 57.2947927 122.2067787 62.8947815 122.2067787 0 P 0
L 57.31780002 105.16019862 57.31780002 106.7602005 0 P 0
L 57.59279566 69.9326008 57.59279566 70.7325992 0 P 0
L 57.59279566 72.5107008 57.59279566 73.3106992 0 P 0
L 57.59279566 75.0888008 57.59279566 75.8887992 0 P 0
L 57.5927982 71.22164318 57.5927982 72.02164412 0 P 0
L 57.5927982 73.79974572 57.5927982 74.59974666 0 P 0
L 57.78538862 111.69774968 57.78538862 112.49774808 3 P 0
L 57.78538862 111.69774968 59.30537542 111.69774968 3 P 0
L 57.78538862 112.49774808 59.30537542 112.49774808 3 P 0
L 57.78538862 112.63000334 57.78538862 113.43000174 3 P 0
L 57.78538862 112.63000334 59.30537542 112.63000334 3 P 0
L 57.78538862 113.43000174 59.30537542 113.43000174 3 P 0
L 57.86399908 105.18559862 57.86399908 106.7856005 0 P 0
L 57.86399908 105.18559862 58.66400002 105.18559862 0 P 0
L 57.86399908 106.7856005 58.66400002 106.7856005 0 P 0
L 57.96399888 105.98559956 58.56399768 105.98559956 0 P 0
L 58.24538262 112.09774888 58.84538142 112.09774888 2 P 0
L 58.24538262 113.03000254 58.84538142 113.03000254 2 P 0
L 58.26399828 105.68560016 58.26399828 106.28559896 0 P 0
L 58.54540742 111.79777488 58.54540742 112.39777368 2 P 0
L 58.54540742 112.72997774 58.54540742 113.32997654 2 P 0
L 58.62633182 49.90356542 58.62633182 50.70356636 0 P 0
L 58.62633182 49.90356542 60.2263337 49.90356542 0 P 0
L 58.62633182 50.70356636 60.2263337 50.70356636 0 P 0
L 58.62633182 50.90781792 58.62633182 51.70781886 0 P 0
L 58.62633182 50.90781792 60.2263337 50.90781792 0 P 0
L 58.62633182 51.70781886 60.2263337 51.70781886 0 P 0
L 58.66400002 105.18559862 58.66400002 106.7856005 0 P 0
L 58.76139632 43.56734746 58.76139632 44.3673484 0 P 0
L 58.76139632 43.56734746 60.3613982 43.56734746 0 P 0
L 58.76139632 44.3673484 60.3613982 44.3673484 0 P 0
L 58.83559734 53.42937752 58.83559734 54.22937846 0 P 0
L 58.83559734 53.42937752 60.43559922 53.42937752 0 P 0
L 58.83559734 54.22937846 60.43559922 54.22937846 0 P 0
L 58.83759632 42.5514008 58.83759632 43.35140174 0 P 0
L 58.83759632 42.5514008 60.4375982 42.5514008 0 P 0
L 58.83759632 43.35140174 60.4375982 43.35140174 0 P 0
L 58.84399712 52.42512502 58.84399712 53.22512596 0 P 0
L 58.84399712 52.42512502 60.443999 52.42512502 0 P 0
L 58.84399712 53.22512596 60.443999 53.22512596 0 P 0
L 59.12633336 50.30356462 59.72633216 50.30356462 0 P 0
L 59.12633336 51.30781966 59.72633216 51.30781966 0 P 0
L 59.26139786 43.96734666 59.86139666 43.96734666 0 P 0
L 59.30537542 111.69774968 59.30537542 112.49774808 3 P 0
L 59.30537542 112.63000334 59.30537542 113.43000174 3 P 0
L 59.33559888 53.82937926 59.93559768 53.82937926 0 P 0
L 59.33759786 42.9514 59.93759666 42.9514 0 P 0
L 59.34399866 52.82512422 59.94399746 52.82512422 0 P 0
L 59.42633276 50.00356522 59.42633276 50.60356402 0 P 0
L 59.42633276 51.00782026 59.42633276 51.60781906 0 P 0
L 59.56139726 43.66734726 59.56139726 44.26734606 0 P 0
L 59.5948135 117.9068127 60.5948115 117.9068127 1 P 0
L 59.63559828 53.52937986 59.63559828 54.12937866 0 P 0
L 59.63759726 42.6514006 59.63759726 43.2513994 0 P 0
L 59.64399806 52.52512482 59.64399806 53.12512362 0 P 0
L 60.0947871 117.4067883 60.0947871 118.4067863 1 P 0
L 60.2263337 49.90356542 60.2263337 50.70356636 0 P 0
L 60.2263337 50.90781792 60.2263337 51.70781886 0 P 0
L 60.3521907 98.4702882 60.3521907 100.07029008 0 P 0
L 60.3521907 98.4702882 61.15219164 98.4702882 0 P 0
L 60.3521907 100.07029008 61.15219164 100.07029008 0 P 0
L 60.3613982 43.56734746 60.3613982 44.3673484 0 P 0
L 60.43559922 53.42937752 60.43559922 54.22937846 0 P 0
L 60.4375982 42.5514008 60.4375982 43.35140174 0 P 0
L 60.443999 52.42512502 60.443999 53.22512596 0 P 0
L 60.45219304 99.27028914 61.05219184 99.27028914 0 P 0
L 60.75219244 98.97028974 60.75219244 99.57028854 0 P 0
L 60.96 64.5414 62.865 65.8114 0 P 0
L 60.96 68.0974 62.865 66.8274 0 P 0
L 61.14899632 44.7803524 61.14899632 45.58035334 0 P 0
L 61.14899632 44.7803524 62.7489982 44.7803524 0 P 0
L 61.14899632 45.58035334 62.7489982 45.58035334 0 P 0
L 61.15219164 98.4702882 61.15219164 100.07029008 0 P 0
L 61.17980144 45.78460998 61.17980144 46.58461092 0 P 0
L 61.17980144 45.78460998 62.77980332 45.78460998 0 P 0
L 61.17980144 46.58461092 62.77980332 46.58461092 0 P 0
L 61.5629706 98.298889 61.5629706 99.89889088 0 P 0
L 61.5629706 98.298889 62.36297154 98.298889 0 P 0
L 61.5629706 99.89889088 62.36297154 99.89889088 0 P 0
L 61.64899786 45.18035414 62.24899666 45.18035414 0 P 0
L 61.6629704 99.09888994 62.2629692 99.09888994 0 P 0
L 61.67980298 46.18460918 62.27980178 46.18460918 0 P 0
L 61.8001304 109.86062356 61.8001304 111.3806256 3 P 0
L 61.8001304 109.86062356 62.6001288 109.86062356 3 P 0
L 61.8001304 111.3806256 62.6001288 111.3806256 3 P 0
L 61.80015326 15.86560454 61.80015326 17.38559134 3 P 0
L 61.80015326 15.86560454 62.60015166 15.86560454 3 P 0
L 61.80015326 17.38559134 62.60015166 17.38559134 3 P 0
L 61.9001302 110.62062458 62.500129 110.62062458 2 P 0
L 61.90017846 16.62562334 62.50017726 16.62562334 2 P 0
L 61.94899726 44.88035474 61.94899726 45.48035354 0 P 0
L 61.9629698 98.79889054 61.9629698 99.39888934 0 P 0
L 61.97980238 45.88460978 61.97980238 46.48460858 0 P 0
L 62.2001296 110.32062518 62.2001296 110.92062652 2 P 0
L 62.20015246 16.32559854 62.20015246 16.92559734 2 P 0
L 62.22114302 51.87959906 62.22114302 53.47960094 0 P 0
L 62.22114302 51.87959906 63.02114396 51.87959906 0 P 0
L 62.22114302 53.47960094 63.02114396 53.47960094 0 P 0
L 62.32114282 52.6796 62.92114162 52.6796 0 P 0
L 62.36297154 98.298889 62.36297154 99.89889088 0 P 0
L 62.6001288 109.86062356 62.6001288 111.3806256 3 P 0
L 62.60015166 15.86560454 62.60015166 17.38559134 3 P 0
L 62.62114222 52.3796006 62.62114222 52.9795994 0 P 0
L 62.7489982 44.7803524 62.7489982 45.58035334 0 P 0
L 62.77980332 45.78460998 62.77980332 46.58461092 0 P 0
L 62.8947815 113.6067959 62.8947815 122.2067787 0 P 0
L 63.02114396 51.87959906 63.02114396 53.47960094 0 P 0
L 63.22539806 51.87959906 63.22539806 53.47960094 0 P 0
L 63.22539806 51.87959906 64.025399 51.87959906 0 P 0
L 63.22539806 53.47960094 64.025399 53.47960094 0 P 0
L 63.32539786 52.6796 63.92539666 52.6796 0 P 0
L 63.62539726 52.3796006 63.62539726 52.9795994 0 P 0
L 64.025399 51.87959906 64.025399 53.47960094 0 P 0
L 65.89040162 42.21899862 65.89040162 43.8190005 0 P 0
L 65.89040162 42.21899862 66.69040256 42.21899862 0 P 0
L 65.89040162 43.8190005 66.69040256 43.8190005 0 P 0
L 65.99040396 43.01899956 66.59040276 43.01899956 0 P 0
L 66.29040336 42.71900016 66.29040336 43.31899896 0 P 0
L 66.69040256 42.21899862 66.69040256 43.8190005 0 P 0
L 66.89465666 42.28879782 66.89465666 43.8887997 0 P 0
L 66.89465666 42.28879782 67.6946576 42.28879782 0 P 0
L 66.89465666 43.8887997 67.6946576 43.8887997 0 P 0
L 66.994659 43.08879876 67.5946578 43.08879876 0 P 0
L 67.08619552 45.63119906 67.08619552 47.23120094 0 P 0
L 67.08619552 45.63119906 67.88619646 45.63119906 0 P 0
L 67.08619552 47.23120094 67.88619646 47.23120094 0 P 0
L 67.18619786 46.4312 67.78619666 46.4312 0 P 0
L 67.2946584 42.78879936 67.2946584 43.38879816 0 P 0
L 67.48619726 46.1312006 67.48619726 46.7311994 0 P 0
L 67.6946576 42.28879782 67.6946576 43.8887997 0 P 0
L 67.88619646 45.63119906 67.88619646 47.23120094 0 P 0
L 68.09045056 45.63119906 68.09045056 47.23120094 0 P 0
L 68.09045056 45.63119906 68.8904515 45.63119906 0 P 0
L 68.09045056 47.23120094 68.8904515 47.23120094 0 P 0
L 68.1904529 46.4312 68.7904517 46.4312 0 P 0
L 68.4904523 46.1312006 68.4904523 46.7311994 0 P 0
L 68.5637948 60.35818764 68.5637948 61.95818952 0 P 0
L 68.5637948 60.35818764 69.36379574 60.35818764 0 P 0
L 68.5637948 61.95818952 69.36379574 61.95818952 0 P 0
L 68.66379714 61.15818858 69.26379594 61.15818858 0 P 0
L 68.8904515 45.63119906 68.8904515 47.23120094 0 P 0
L 68.96379654 60.85818918 68.96379654 61.45818798 0 P 0
L 69.36379574 60.35818764 69.36379574 61.95818952 0 P 0
L 69.471794 53.24259862 69.471794 54.8426005 0 P 0
L 69.471794 53.24259862 70.27179494 53.24259862 0 P 0
L 69.471794 54.8426005 70.27179494 54.8426005 0 P 0
L 69.56805238 60.35818764 69.56805238 61.95818952 0 P 0
L 69.56805238 60.35818764 70.36805332 60.35818764 0 P 0
L 69.56805238 61.95818952 70.36805332 61.95818952 0 P 0
L 69.5717938 54.04259956 70.1717926 54.04259956 0 P 0
L 69.66805218 61.15818858 70.26805098 61.15818858 0 P 0
L 69.8717932 53.74260016 69.8717932 54.34259896 0 P 0
L 69.96805158 60.85818918 69.96805158 61.45818798 0 P 0
L 70.27179494 53.24259862 70.27179494 54.8426005 0 P 0
L 70.36805332 60.35818764 70.36805332 61.95818952 0 P 0
L 70.4760465 53.24259862 70.4760465 54.8426005 0 P 0
L 70.4760465 53.24259862 71.27604744 53.24259862 0 P 0
L 70.4760465 54.8426005 71.27604744 54.8426005 0 P 0
L 70.48979552 48.98399906 70.48979552 50.58400094 0 P 0
L 70.48979552 48.98399906 71.28979646 48.98399906 0 P 0
L 70.48979552 50.58400094 71.28979646 50.58400094 0 P 0
L 70.57604884 54.04259956 71.17604764 54.04259956 0 P 0
L 70.58979786 49.784 71.18979666 49.784 0 P 0
L 70.6804149 29.3720012 70.6804149 30.5719988 0 P 0
L 70.6804149 29.3720012 73.0804101 29.3720012 0 P 0
L 70.6804149 30.5719988 73.0804101 30.5719988 0 P 0
L 70.6804149 31.8866012 70.6804149 33.0865988 0 P 0
L 70.6804149 31.8866012 73.0804101 31.8866012 0 P 0
L 70.6804149 33.0865988 73.0804101 33.0865988 0 P 0
L 70.87604824 53.74260016 70.87604824 54.34259896 0 P 0
L 70.88979726 49.4840006 70.88979726 50.0839994 0 P 0
L 71.27604744 53.24259862 71.27604744 54.8426005 0 P 0
L 71.28979646 48.98399906 71.28979646 50.58400094 0 P 0
L 71.4053817 29.972 72.3553925 29.972 0 P 0
L 71.4053817 32.4866 72.3553925 32.4866 0 P 0
L 71.49405056 48.98399906 71.49405056 50.58400094 0 P 0
L 71.49405056 48.98399906 72.2940515 48.98399906 0 P 0
L 71.49405056 50.58400094 72.2940515 50.58400094 0 P 0
L 71.5940529 49.784 72.1940517 49.784 0 P 0
L 71.8804125 29.49702 71.8804125 30.44698 0 P 0
L 71.8804125 32.01162 71.8804125 32.96158 0 P 0
L 71.8940523 49.4840006 71.8940523 50.0839994 0 P 0
L 72.2940515 48.98399906 72.2940515 50.58400094 0 P 0
L 73.0804101 29.3720012 73.0804101 30.5719988 0 P 0
L 73.0804101 31.8866012 73.0804101 33.0865988 0 P 0
L 78.14076574 63.21973894 78.14076574 69.3197369 0 P 0
L 78.14076574 63.21973894 82.7407667 63.21973894 0 P 0
L 78.14076574 69.3197369 82.7407667 69.3197369 0 P 0
L 79.8145978 56.09299932 79.8145978 58.3929998 0 P 0
L 79.8145978 56.09299932 84.41459876 56.09299932 0 P 0
L 79.8145978 58.3929998 84.41459876 58.3929998 0 P 0
L 81.61459928 57.24299956 82.61459728 57.24299956 1 P 0
L 82.11459828 56.74300056 82.11459828 57.7430011 1 P 0
L 82.7407667 63.21973894 82.7407667 69.3197369 0 P 0
L 83.67419638 60.60000072 83.67419638 61.39999912 3 P 0
L 83.67419638 60.60000072 85.19419842 60.60000072 3 P 0
L 83.67419638 61.39999912 85.19419842 61.39999912 3 P 0
L 83.67419638 62.1348008 83.67419638 62.9347992 3 P 0
L 83.67419638 62.1348008 85.19419842 62.1348008 3 P 0
L 83.67419638 62.9347992 85.19419842 62.9347992 3 P 0
L 83.67419638 64.1668008 83.67419638 64.9667992 3 P 0
L 83.67419638 64.1668008 85.19419842 64.1668008 3 P 0
L 83.67419638 64.9667992 85.19419842 64.9667992 3 P 0
L 83.67419638 66.19999968 83.67419638 66.99999808 3 P 0
L 83.67419638 66.19999968 85.19419842 66.19999968 3 P 0
L 83.67419638 66.99999808 85.19419842 66.99999808 3 P 0
L 83.67419638 67.51100036 83.67419638 68.31099876 3 P 0
L 83.67419638 67.51100036 85.19419842 67.51100036 3 P 0
L 83.67419638 68.31099876 85.19419842 68.31099876 3 P 0
L 83.67419638 68.7642008 83.67419638 69.5641992 3 P 0
L 83.67419638 68.7642008 85.19419842 68.7642008 3 P 0
L 83.67419638 69.5641992 85.19419842 69.5641992 3 P 0
L 83.82279654 105.26179862 83.82279654 106.8618005 0 P 0
L 83.82279654 105.26179862 84.62279748 105.26179862 0 P 0
L 83.82279654 106.8618005 84.62279748 106.8618005 0 P 0
L 83.92279888 106.06179956 84.52279768 106.06179956 0 P 0
L 84.13419546 60.99999992 84.7341968 60.99999992 2 P 0
L 84.13419546 62.5348 84.7341968 62.5348 2 P 0
L 84.13419546 64.5668 84.7341968 64.5668 2 P 0
L 84.13419546 66.59999888 84.7341968 66.59999888 2 P 0
L 84.13419546 67.91099956 84.7341968 67.91099956 2 P 0
L 84.13419546 69.1642 84.7341968 69.1642 2 P 0
L 84.22279828 105.76180016 84.22279828 106.36179896 0 P 0
L 84.41459876 56.09299932 84.41459876 58.3929998 0 P 0
L 84.4341974 60.70000052 84.4341974 61.29999932 2 P 0
L 84.4341974 62.2348006 84.4341974 62.8347994 2 P 0
L 84.4341974 64.2668006 84.4341974 64.8667994 2 P 0
L 84.4341974 66.29999948 84.4341974 66.89999828 2 P 0
L 84.4341974 67.61100016 84.4341974 68.21099896 2 P 0
L 84.4341974 68.8642006 84.4341974 69.4641994 2 P 0
L 84.62279748 105.26179862 84.62279748 106.8618005 0 P 0
L 85.13512818 105.26179862 85.13512818 106.8618005 0 P 0
L 85.13512818 105.26179862 85.93512912 105.26179862 0 P 0
L 85.13512818 106.8618005 85.93512912 106.8618005 0 P 0
L 85.19419842 60.60000072 85.19419842 61.39999912 3 P 0
L 85.19419842 62.1348008 85.19419842 62.9347992 3 P 0
L 85.19419842 64.1668008 85.19419842 64.9667992 3 P 0
L 85.19419842 66.19999968 85.19419842 66.99999808 3 P 0
L 85.19419842 67.51100036 85.19419842 68.31099876 3 P 0
L 85.19419842 68.7642008 85.19419842 69.5641992 3 P 0
L 85.23513052 106.06179956 85.83512932 106.06179956 0 P 0
L 85.53512992 105.76180016 85.53512992 106.36179896 0 P 0
L 85.93512912 105.26179862 85.93512912 106.8618005 0 P 0
L 85.99098118 65.12340798 85.99098118 68.02337678 0 P 0
L 85.99098118 65.12340798 87.69100318 65.12340798 0 P 0
L 85.99098118 68.02337678 87.69100318 68.02337678 0 P 0
L 86.34099318 66.57339238 87.34099118 66.57339238 0 P 0
L 86.44745982 105.26179862 86.44745982 106.8618005 0 P 0
L 86.44745982 105.26179862 87.24746076 105.26179862 0 P 0
L 86.44745982 106.8618005 87.24746076 106.8618005 0 P 0
L 86.54746216 106.06179956 87.14746096 106.06179956 0 P 0
L 86.84101758 66.07341878 86.84101758 67.07341678 0 P 0
L 86.84746156 105.76180016 86.84746156 106.36179896 0 P 0
L 87.24746076 105.26179862 87.24746076 106.8618005 0 P 0
L 87.69100318 65.12340798 87.69100318 68.02337678 0 P 0
L 87.75979146 105.26179862 87.75979146 106.8618005 0 P 0
L 87.75979146 105.26179862 88.5597924 105.26179862 0 P 0
L 87.75979146 106.8618005 88.5597924 106.8618005 0 P 0
L 87.8597938 106.06179956 88.4597926 106.06179956 0 P 0
L 87.88878028 65.96577612 87.88878028 67.48581372 3 P 0
L 87.88878028 65.96577612 88.68877868 65.96577612 3 P 0
L 87.88878028 67.48581372 88.68877868 67.48581372 3 P 0
L 87.98880548 66.72579492 88.58880428 66.72579492 2 P 0
L 88.1597932 105.76180016 88.1597932 106.36179896 0 P 0
L 88.28877948 66.42582092 88.28877948 67.02581972 2 P 0
L 88.5597924 105.26179862 88.5597924 106.8618005 0 P 0
L 88.68877868 65.96577612 88.68877868 67.48581372 3 P 0
L 90.9926298 112.5256195 91.5926286 112.5256195 0 P 0
L 91.2926546 112.2255947 91.2926546 112.8255935 0 P 0
L 209.12589874 -3.41887302 232.49389874 -3.41887302 4 P 0
L 209.12589874 -5.83187302 209.12589874 -3.41887302 4 P 0
L 209.12589874 -5.83187302 232.49389874 -5.83187302 4 P 0
L 215.72986826 -4.76851472 215.72986826 -4.91372144 5 P 0 ;0,1=0,2=0.000000
L 215.72986826 -4.91372144 215.75891062 -5.00084598 5 P 0 ;0,1=0,2=0.000000
L 215.75891062 -4.68139018 215.72986826 -4.76851472 5 P 0 ;0,1=0,2=0.000000
L 215.75891062 -5.00084598 215.78795044 -5.05892816 5 P 0 ;0,1=0,2=0.000000
L 215.78795044 -4.623308 215.75891062 -4.68139018 5 P 0 ;0,1=0,2=0.000000
L 215.78795044 -5.05892816 215.84603262 -5.11701034 5 P 0 ;0,1=0,2=0.000000
L 215.84603262 -4.56522582 215.78795044 -4.623308 5 P 0 ;0,1=0,2=0.000000
L 215.84603262 -5.11701034 215.90411734 -5.1460527 5 P 0 ;0,1=0,2=0.000000
L 215.90411734 -4.53618346 215.84603262 -4.56522582 5 P 0 ;0,1=0,2=0.000000
L 215.90411734 -5.1460527 216.0202817 -5.1460527 5 P 0 ;0,1=0,2=0.000000
L 216.0202817 -4.53618346 215.90411734 -4.53618346 5 P 0 ;0,1=0,2=0.000000
L 216.0202817 -5.1460527 216.07836388 -5.11701034 5 P 0 ;0,1=0,2=0.000000
L 216.07836388 -4.56522582 216.0202817 -4.53618346 5 P 0 ;0,1=0,2=0.000000
L 216.07836388 -5.11701034 216.13644606 -5.05892816 5 P 0 ;0,1=0,2=0.000000
L 216.13644606 -4.623308 216.07836388 -4.56522582 5 P 0 ;0,1=0,2=0.000000
L 216.13644606 -5.05892816 216.16548842 -5.00084598 5 P 0 ;0,1=0,2=0.000000
L 216.16548842 -4.68139018 216.13644606 -4.623308 5 P 0 ;0,1=0,2=0.000000
L 216.33683174 -4.91372144 216.33683174 -4.97180362 5 P 0 ;0,1=0,2=0.000000
L 216.33683174 -4.97180362 216.3658741 -5.05892816 5 P 0 ;0,1=0,2=0.000000
L 216.3658741 -4.8265969 216.33683174 -4.91372144 5 P 0 ;0,1=0,2=0.000000
L 216.3658741 -5.05892816 216.42395628 -5.11701034 5 P 0 ;0,1=0,2=0.000000
L 216.42395628 -4.76851472 216.3658741 -4.8265969 5 P 0 ;0,1=0,2=0.000000
L 216.42395628 -5.11701034 216.48203846 -5.1460527 5 P 0 ;0,1=0,2=0.000000
L 216.48203846 -4.7394749 216.42395628 -4.76851472 5 P 0 ;0,1=0,2=0.000000
L 216.48203846 -5.1460527 216.569163 -5.1460527 5 P 0 ;0,1=0,2=0.000000
L 216.569163 -4.7394749 216.48203846 -4.7394749 5 P 0 ;0,1=0,2=0.000000
L 216.569163 -5.1460527 216.62724518 -5.11701034 5 P 0 ;0,1=0,2=0.000000
L 216.62724518 -4.76851472 216.569163 -4.7394749 5 P 0 ;0,1=0,2=0.000000
L 216.62724518 -5.11701034 216.68532736 -5.05892816 5 P 0 ;0,1=0,2=0.000000
L 216.68532736 -4.8265969 216.62724518 -4.76851472 5 P 0 ;0,1=0,2=0.000000
L 216.68532736 -5.05892816 216.71436972 -4.97180362 5 P 0 ;0,1=0,2=0.000000
L 216.71436972 -4.91372144 216.68532736 -4.8265969 5 P 0 ;0,1=0,2=0.000000
L 216.71436972 -4.97180362 216.71436972 -4.91372144 5 P 0 ;0,1=0,2=0.000000
L 216.84795848 -4.7394749 216.84795848 -5.02988834 5 P 0 ;0,1=0,2=0.000000
L 216.84795848 -5.02988834 216.87700084 -5.11701034 5 P 0 ;0,1=0,2=0.000000
L 216.87700084 -5.11701034 216.93508302 -5.1460527 5 P 0 ;0,1=0,2=0.000000
L 216.93508302 -5.1460527 217.02220756 -5.1460527 5 P 0 ;0,1=0,2=0.000000
L 217.02220756 -5.1460527 217.08028974 -5.11701034 5 P 0 ;0,1=0,2=0.000000
L 217.08028974 -5.11701034 217.16741428 -5.02988834 5 P 0 ;0,1=0,2=0.000000
L 217.16741428 -4.7394749 217.16741428 -5.1460527 5 P 0 ;0,1=0,2=0.000000
L 217.32713964 -4.7394749 217.53042854 -4.7394749 5 P 0 ;0,1=0,2=0.000000
L 217.41426418 -4.53618346 217.41426418 -5.02988834 5 P 0 ;0,1=0,2=0.000000
L 217.41426418 -5.02988834 217.443304 -5.11701034 5 P 0 ;0,1=0,2=0.000000
L 217.443304 -5.11701034 217.50138872 -5.1460527 5 P 0 ;0,1=0,2=0.000000
L 217.50138872 -5.1460527 217.5594709 -5.1460527 5 P 0 ;0,1=0,2=0.000000
L 217.64659544 -4.7394749 217.64659544 -5.1460527 5 P 0 ;0,1=0,2=0.000000
L 217.64659544 -4.91372144 217.6756378 -4.8265969 5 P 0 ;0,1=0,2=0.000000
L 217.6756378 -4.8265969 217.73371998 -4.76851472 5 P 0 ;0,1=0,2=0.000000
L 217.73371998 -4.76851472 217.79180216 -4.7394749 5 P 0 ;0,1=0,2=0.000000
L 217.79180216 -4.7394749 217.8789267 -4.7394749 5 P 0 ;0,1=0,2=0.000000
L 217.96314802 -4.7394749 218.13739456 -5.1460527 5 P 0 ;0,1=0,2=0.000000
L 217.96314802 -5.3493416 217.93410566 -5.3493416 5 P 0 ;0,1=0,2=0.000000
L 218.0212302 -5.32030178 217.96314802 -5.3493416 5 P 0 ;0,1=0,2=0.000000
L 218.07931238 -5.26221706 218.0212302 -5.32030178 5 P 0 ;0,1=0,2=0.000000
L 218.13739456 -5.1460527 218.07931238 -5.26221706 5 P 0 ;0,1=0,2=0.000000
L 218.31164364 -4.7394749 218.13739456 -5.1460527 5 P 0 ;0,1=0,2=0.000000
L 218.41328682 -4.91372144 218.41328682 -4.97180362 5 P 0 ;0,1=0,2=0.000000
L 218.41328682 -4.97180362 218.44232918 -5.05892816 5 P 0 ;0,1=0,2=0.000000
L 218.44232918 -4.8265969 218.41328682 -4.91372144 5 P 0 ;0,1=0,2=0.000000
L 218.44232918 -5.05892816 218.50041136 -5.11701034 5 P 0 ;0,1=0,2=0.000000
L 218.50041136 -4.76851472 218.44232918 -4.8265969 5 P 0 ;0,1=0,2=0.000000
L 218.50041136 -5.11701034 218.55849354 -5.1460527 5 P 0 ;0,1=0,2=0.000000
L 218.55849354 -4.7394749 218.50041136 -4.76851472 5 P 0 ;0,1=0,2=0.000000
L 218.55849354 -5.1460527 218.64561808 -5.1460527 5 P 0 ;0,1=0,2=0.000000
L 218.64561808 -4.7394749 218.55849354 -4.7394749 5 P 0 ;0,1=0,2=0.000000
L 218.64561808 -5.1460527 218.70370026 -5.11701034 5 P 0 ;0,1=0,2=0.000000
L 218.70370026 -4.76851472 218.64561808 -4.7394749 5 P 0 ;0,1=0,2=0.000000
L 218.70370026 -5.11701034 218.76178244 -5.05892816 5 P 0 ;0,1=0,2=0.000000
L 218.76178244 -4.7394749 218.76178244 -5.1460527 5 P 0 ;0,1=0,2=0.000000
L 218.76178244 -4.8265969 218.70370026 -4.76851472 5 P 0 ;0,1=0,2=0.000000
L 218.92441356 -4.7394749 218.92441356 -5.1460527 5 P 0 ;0,1=0,2=0.000000
L 218.92441356 -4.91372144 218.95345592 -4.8265969 5 P 0 ;0,1=0,2=0.000000
L 218.95345592 -4.8265969 219.0115381 -4.76851472 5 P 0 ;0,1=0,2=0.000000
L 219.0115381 -4.76851472 219.06962028 -4.7394749 5 P 0 ;0,1=0,2=0.000000
L 219.06962028 -4.7394749 219.15674482 -4.7394749 5 P 0 ;0,1=0,2=0.000000
L 219.21192378 -4.91372144 219.21192378 -4.97180362 5 P 0 ;0,1=0,2=0.000000
L 219.21192378 -4.97180362 219.24096614 -5.05892816 5 P 0 ;0,1=0,2=0.000000
L 219.24096614 -4.8265969 219.21192378 -4.91372144 5 P 0 ;0,1=0,2=0.000000
L 219.24096614 -5.05892816 219.29904832 -5.11701034 5 P 0 ;0,1=0,2=0.000000
L 219.29904832 -4.76851472 219.24096614 -4.8265969 5 P 0 ;0,1=0,2=0.000000
L 219.29904832 -5.11701034 219.3571305 -5.1460527 5 P 0 ;0,1=0,2=0.000000
L 219.3571305 -4.7394749 219.29904832 -4.76851472 5 P 0 ;0,1=0,2=0.000000
L 219.3571305 -5.1460527 219.44425504 -5.1460527 5 P 0 ;0,1=0,2=0.000000
L 219.44425504 -4.7394749 219.3571305 -4.7394749 5 P 0 ;0,1=0,2=0.000000
L 219.44425504 -5.1460527 219.50233722 -5.11701034 5 P 0 ;0,1=0,2=0.000000
L 219.50233722 -4.76851472 219.44425504 -4.7394749 5 P 0 ;0,1=0,2=0.000000
L 219.50233722 -5.11701034 219.5604194 -5.05892816 5 P 0 ;0,1=0,2=0.000000
L 219.5604194 -4.53618346 219.5604194 -5.1460527 5 P 0 ;0,1=0,2=0.000000
L 219.5604194 -4.8265969 219.50233722 -4.76851472 5 P 0 ;0,1=0,2=0.000000
L 220.20223168 -4.53618346 220.20223168 -5.1460527 5 P 0 ;0,1=0,2=0.000000
L 220.20223168 -4.53618346 220.46360276 -4.53618346 5 P 0 ;0,1=0,2=0.000000
L 220.20223168 -4.8265969 220.46360276 -4.8265969 5 P 0 ;0,1=0,2=0.000000
L 220.46360276 -4.53618346 220.5507273 -4.56522582 5 P 0 ;0,1=0,2=0.000000
L 220.46360276 -4.8265969 220.5507273 -4.85563926 5 P 0 ;0,1=0,2=0.000000
L 220.46360276 -5.1460527 220.20223168 -5.1460527 5 P 0 ;0,1=0,2=0.000000
L 220.5507273 -4.56522582 220.57976966 -4.59426818 5 P 0 ;0,1=0,2=0.000000
L 220.5507273 -4.79755708 220.46360276 -4.8265969 5 P 0 ;0,1=0,2=0.000000
L 220.5507273 -4.85563926 220.57976966 -4.88468162 5 P 0 ;0,1=0,2=0.000000
L 220.5507273 -5.11701034 220.46360276 -5.1460527 5 P 0 ;0,1=0,2=0.000000
L 220.57976966 -4.59426818 220.60880948 -4.65235036 5 P 0 ;0,1=0,2=0.000000
L 220.57976966 -4.76851472 220.5507273 -4.79755708 5 P 0 ;0,1=0,2=0.000000
L 220.57976966 -4.88468162 220.60880948 -4.9427638 5 P 0 ;0,1=0,2=0.000000
L 220.57976966 -5.08797052 220.5507273 -5.11701034 5 P 0 ;0,1=0,2=0.000000
L 220.60880948 -4.65235036 220.60880948 -4.71043254 5 P 0 ;0,1=0,2=0.000000
L 220.60880948 -4.71043254 220.57976966 -4.76851472 5 P 0 ;0,1=0,2=0.000000
L 220.60880948 -4.9427638 220.60880948 -5.02988834 5 P 0 ;0,1=0,2=0.000000
L 220.60880948 -5.02988834 220.57976966 -5.08797052 5 P 0 ;0,1=0,2=0.000000
L 220.745304 -4.91372144 220.745304 -4.97180362 5 P 0 ;0,1=0,2=0.000000
L 220.745304 -4.97180362 220.77434636 -5.05892816 5 P 0 ;0,1=0,2=0.000000
L 220.77434636 -4.8265969 220.745304 -4.91372144 5 P 0 ;0,1=0,2=0.000000
L 220.77434636 -5.05892816 220.83242854 -5.11701034 5 P 0 ;0,1=0,2=0.000000
L 220.83242854 -4.76851472 220.77434636 -4.8265969 5 P 0 ;0,1=0,2=0.000000
L 220.83242854 -5.11701034 220.89051072 -5.1460527 5 P 0 ;0,1=0,2=0.000000
L 220.89051072 -4.7394749 220.83242854 -4.76851472 5 P 0 ;0,1=0,2=0.000000
L 220.89051072 -5.1460527 220.97763526 -5.1460527 5 P 0 ;0,1=0,2=0.000000
L 220.97763526 -4.7394749 220.89051072 -4.7394749 5 P 0 ;0,1=0,2=0.000000
L 220.97763526 -5.1460527 221.03571744 -5.11701034 5 P 0 ;0,1=0,2=0.000000
L 221.03571744 -4.76851472 220.97763526 -4.7394749 5 P 0 ;0,1=0,2=0.000000
L 221.03571744 -5.11701034 221.09379962 -5.05892816 5 P 0 ;0,1=0,2=0.000000
L 221.09379962 -4.8265969 221.03571744 -4.76851472 5 P 0 ;0,1=0,2=0.000000
L 221.09379962 -5.05892816 221.12284198 -4.97180362 5 P 0 ;0,1=0,2=0.000000
L 221.12284198 -4.91372144 221.09379962 -4.8265969 5 P 0 ;0,1=0,2=0.000000
L 221.12284198 -4.97180362 221.12284198 -4.91372144 5 P 0 ;0,1=0,2=0.000000
L 221.25643074 -4.7394749 221.45971964 -4.7394749 5 P 0 ;0,1=0,2=0.000000
L 221.34355528 -4.53618346 221.34355528 -5.02988834 5 P 0 ;0,1=0,2=0.000000
L 221.34355528 -5.02988834 221.3725951 -5.11701034 5 P 0 ;0,1=0,2=0.000000
L 221.3725951 -5.11701034 221.43067982 -5.1460527 5 P 0 ;0,1=0,2=0.000000
L 221.43067982 -5.1460527 221.488762 -5.1460527 5 P 0 ;0,1=0,2=0.000000
L 221.57588654 -4.7394749 221.77917544 -4.7394749 5 P 0 ;0,1=0,2=0.000000
L 221.66301108 -4.53618346 221.66301108 -5.02988834 5 P 0 ;0,1=0,2=0.000000
L 221.66301108 -5.02988834 221.6920509 -5.11701034 5 P 0 ;0,1=0,2=0.000000
L 221.6920509 -5.11701034 221.75013562 -5.1460527 5 P 0 ;0,1=0,2=0.000000
L 221.75013562 -5.1460527 221.8082178 -5.1460527 5 P 0 ;0,1=0,2=0.000000
L 221.89534234 -4.91372144 221.89534234 -4.97180362 5 P 0 ;0,1=0,2=0.000000
L 221.89534234 -4.97180362 221.9243847 -5.05892816 5 P 0 ;0,1=0,2=0.000000
L 221.9243847 -4.8265969 221.89534234 -4.91372144 5 P 0 ;0,1=0,2=0.000000
L 221.9243847 -5.05892816 221.98246688 -5.11701034 5 P 0 ;0,1=0,2=0.000000
L 221.98246688 -4.76851472 221.9243847 -4.8265969 5 P 0 ;0,1=0,2=0.000000
L 221.98246688 -5.11701034 222.04054906 -5.1460527 5 P 0 ;0,1=0,2=0.000000
L 222.04054906 -4.7394749 221.98246688 -4.76851472 5 P 0 ;0,1=0,2=0.000000
L 222.04054906 -5.1460527 222.1276736 -5.1460527 5 P 0 ;0,1=0,2=0.000000
L 222.1276736 -4.7394749 222.04054906 -4.7394749 5 P 0 ;0,1=0,2=0.000000
L 222.1276736 -5.1460527 222.18575578 -5.11701034 5 P 0 ;0,1=0,2=0.000000
L 222.18575578 -4.76851472 222.1276736 -4.7394749 5 P 0 ;0,1=0,2=0.000000
L 222.18575578 -5.11701034 222.24383796 -5.05892816 5 P 0 ;0,1=0,2=0.000000
L 222.24383796 -4.8265969 222.18575578 -4.76851472 5 P 0 ;0,1=0,2=0.000000
L 222.24383796 -5.05892816 222.27288032 -4.97180362 5 P 0 ;0,1=0,2=0.000000
L 222.27288032 -4.91372144 222.24383796 -4.8265969 5 P 0 ;0,1=0,2=0.000000
L 222.27288032 -4.97180362 222.27288032 -4.91372144 5 P 0 ;0,1=0,2=0.000000
L 222.40646908 -4.7394749 222.40646908 -5.1460527 5 P 0 ;0,1=0,2=0.000000
L 222.40646908 -4.85563926 222.49359362 -4.76851472 5 P 0 ;0,1=0,2=0.000000
L 222.49359362 -4.76851472 222.5516758 -4.7394749 5 P 0 ;0,1=0,2=0.000000
L 222.5516758 -4.7394749 222.63880034 -4.7394749 5 P 0 ;0,1=0,2=0.000000
L 222.63880034 -4.7394749 222.69688252 -4.76851472 5 P 0 ;0,1=0,2=0.000000
L 222.69688252 -4.76851472 222.72592488 -4.85563926 5 P 0 ;0,1=0,2=0.000000
L 222.72592488 -4.85563926 222.72592488 -5.1460527 5 P 0 ;0,1=0,2=0.000000
L 222.72592488 -4.85563926 222.81304688 -4.76851472 5 P 0 ;0,1=0,2=0.000000
L 222.81304688 -4.76851472 222.8711316 -4.7394749 5 P 0 ;0,1=0,2=0.000000
L 222.8711316 -4.7394749 222.9582536 -4.7394749 5 P 0 ;0,1=0,2=0.000000
L 222.9582536 -4.7394749 223.01633832 -4.76851472 5 P 0 ;0,1=0,2=0.000000
L 223.01633832 -4.76851472 223.04537814 -4.85563926 5 P 0 ;0,1=0,2=0.000000
L 223.04537814 -4.85563926 223.04537814 -5.1460527 5 P 0 ;0,1=0,2=0.000000
L 232.49389874 -5.83187302 232.49389874 -3.41887302 4 P 0
P 211.53889874 -4.62537302 6 P 0 0
