UNITS=MM
#Layer_Color=8388736
#
#Feature symbol names
#
$0 r49.9999
$1 r99.9998
$2 r199.9996
$3 r127
$4 rect4826x2413

#
#Feature attribute names
#
@0 .nomenclature
@1 .string
@2 .string_angle

#
#Feature attribute text strings
#
&0 Assembly Bottom
&1 U2

#
#Layer features
#
A 3.20723514 83.60940606 3.20723514 83.60940606 2.60723634 83.60940606 0 P 0 N
A 9.95623612 83.60940606 9.95623612 83.60940606 9.35623732 83.60940606 0 P 0 N
A 11.786235 83.60940606 11.786235 83.60940606 11.1862362 83.60940606 0 P 0 N
A 12.35723462 48.83940702 12.35723462 48.83940702 11.75723582 48.83940702 0 P 0 N
A 13.53839558 4.50000116 13.53839558 4.50000116 12.93839678 4.50000116 0 P 0 N
A 15.368397 4.50000116 15.368397 4.50000116 14.7683982 4.50000116 0 P 0 N
A 17.19839588 4.50000116 17.19839588 4.50000116 16.59839708 4.50000116 0 P 0 N
A 19.0283973 4.50000116 19.0283973 4.50000116 18.4283985 4.50000116 0 P 0 N
A 25.20723432 83.60940606 25.20723432 83.60940606 24.60723552 83.60940606 0 P 0 N
A 26.99723582 83.60940606 26.99723582 83.60940606 26.39723702 83.60940606 0 P 0 N
A 28.41339504 4.50000116 28.41339504 4.50000116 27.81339624 4.50000116 0 P 0 N
A 28.82739726 83.60899966 28.82739726 83.60899966 28.22739846 83.60899966 0 P 0 N
A 30.24339646 4.50000116 30.24339646 4.50000116 29.64339766 4.50000116 0 P 0 N
A 30.65739614 83.60899966 30.65739614 83.60899966 30.05739734 83.60899966 0 P 0 N
A 32.75479606 104.3432 32.75479606 104.3432 32.15479726 104.3432 0 P 0 N
A 40.75579606 68.58 40.75579606 68.58 40.15579726 68.58 0 P 0 N
A 44.88623484 83.60940606 44.88623484 83.60940606 44.28623604 83.60940606 0 P 0 N
A 44.88655996 4.49141342 44.88655996 4.49141342 44.28656116 4.49141342 0 P 0 N
A 45.29723478 94.58940696 45.29723478 94.58940696 44.69723598 94.58940696 0 P 0 N
A 46.71623626 83.60940606 46.71623626 83.60940606 46.11623746 83.60940606 0 P 0 N
A 46.71656138 4.49141342 46.71656138 4.49141342 46.11656258 4.49141342 0 P 0 N
A 47.62339726 52.9844 48.25839726 52.3494 48.25839726 52.9844 0 P 0 N
A 47.75039726 60.3504 47.62339726 59.9694 48.25839726 59.9694 0 P 0 N
A 50.03639726 62.2554 49.02039726 62.2554 49.52839726 61.8744 0 P 0 N
A 50.79839726 52.3494 51.43339726 52.9844 50.79839726 52.9844 0 P 0 N
A 51.43339726 59.9694 51.30639726 60.3504 50.79839726 59.9694 0 P 0 N
A 52.959 65.0494 53.594 64.4144 53.594 65.0494 0 P 0 N
A 53.594 68.2244 52.959 67.5894 53.594 67.5894 0 P 0 N
A 58.7697961 119.73180016 58.7697961 119.73180016 58.2697971 119.73180016 1 P 0 N
A 60.579 64.4144 60.96 64.5414 60.579 65.0494 0 P 0 N
A 60.96 68.0974 60.579 68.2244 60.579 67.5894 0 P 0 N
A 62.865 65.8114 62.865 66.8274 62.484 66.3194 0 P 0 N
A 64.7133961 4.50000116 64.7133961 4.50000116 64.1133973 4.50000116 0 P 0 N
A 66.54339498 4.50000116 66.54339498 4.50000116 65.94339618 4.50000116 0 P 0 N
A 66.56623466 83.60940606 66.56623466 83.60940606 65.96623586 83.60940606 0 P 0 N
A 68.3733964 4.50000116 68.3733964 4.50000116 67.7733976 4.50000116 0 P 0 N
A 68.39623608 83.60940606 68.39623608 83.60940606 67.79623728 83.60940606 0 P 0 N
A 70.20339528 4.50000116 70.20339528 4.50000116 69.60339648 4.50000116 0 P 0 N
A 70.91723434 67.13940598 70.91723434 67.13940598 70.31723554 67.13940598 0 P 0 N
A 79.27516022 4.49141342 79.27516022 4.49141342 78.67516142 4.49141342 0 P 0 N
A 81.10516164 4.49141342 81.10516164 4.49141342 80.50516284 4.49141342 0 P 0 N
L 3.57278686 16.10101174 3.57278686 17.20103494 0 P 0
L 3.57278686 16.10101174 4.17278566 16.10101174 0 P 0
L 3.57278686 17.20103494 4.17278566 17.20103494 0 P 0
L 4.17278566 16.10101174 4.17278566 17.20103494 0 P 0
L 12.66118626 31.88462 12.66118626 32.83458 0 P 0
L 12.66118626 31.88462 14.36120826 31.88462 0 P 0
L 12.66118626 32.83458 14.36120826 32.83458 0 P 0
L 12.68658626 29.26842 12.68658626 30.21838 0 P 0
L 12.68658626 29.26842 14.38660826 29.26842 0 P 0
L 12.68658626 30.21838 14.38660826 30.21838 0 P 0
L 14.15819876 15.7407991 14.15819876 19.09080002 1 P 0
L 14.15819876 15.7407991 15.9081978 15.7407991 1 P 0
L 14.15819876 19.09080002 15.9081978 19.09080002 1 P 0
L 14.21099774 20.9279998 14.21099774 24.27800072 1 P 0
L 14.21099774 20.9279998 15.96099678 20.9279998 1 P 0
L 14.21099774 24.27800072 15.96099678 24.27800072 1 P 0
L 14.36120826 31.88462 14.36120826 32.83458 0 P 0
L 14.38660826 29.26842 14.38660826 30.21838 0 P 0
L 15.9081978 15.7407991 15.9081978 19.09080002 1 P 0
L 15.96099678 20.9279998 15.96099678 24.27800072 1 P 0
L 19.69019938 67.05220016 19.69019938 67.65219896 0 P 0
L 19.69019938 67.05220016 20.79019972 67.05220016 0 P 0
L 19.69019938 67.65219896 20.79019972 67.65219896 0 P 0
L 19.69019938 68.5169318 19.69019938 69.1169306 0 P 0
L 19.69019938 68.5169318 20.79019972 68.5169318 0 P 0
L 19.69019938 69.1169306 20.79019972 69.1169306 0 P 0
L 19.69019938 69.98166344 19.69019938 70.58166224 0 P 0
L 19.69019938 69.98166344 20.79019972 69.98166344 0 P 0
L 19.69019938 70.58166224 20.79019972 70.58166224 0 P 0
L 19.69019938 71.44639508 19.69019938 72.04639388 0 P 0
L 19.69019938 71.44639508 20.79019972 71.44639508 0 P 0
L 19.69019938 72.04639388 20.79019972 72.04639388 0 P 0
L 20.79019972 67.05220016 20.79019972 67.65219896 0 P 0
L 20.79019972 68.5169318 20.79019972 69.1169306 0 P 0
L 20.79019972 69.98166344 20.79019972 70.58166224 0 P 0
L 20.79019972 71.44639508 20.79019972 72.04639388 0 P 0
L 28.19919938 52.42180016 28.19919938 53.02179896 0 P 0
L 28.19919938 52.42180016 29.29919972 52.42180016 0 P 0
L 28.19919938 53.02179896 29.29919972 53.02179896 0 P 0
L 29.29919972 52.42180016 29.29919972 53.02179896 0 P 0
L 29.36839694 54.95379916 29.36839694 56.65380084 0 P 0
L 29.36839694 54.95379916 30.31839758 54.95379916 0 P 0
L 29.36839694 56.65380084 30.31839758 56.65380084 0 P 0
L 30.31839758 54.95379916 30.31839758 56.65380084 0 P 0
L 30.75974544 54.95859976 30.75974544 56.65860144 0 P 0
L 30.75974544 54.95859976 31.70974608 54.95859976 0 P 0
L 30.75974544 56.65860144 31.70974608 56.65860144 0 P 0
L 31.70974608 54.95859976 31.70974608 56.65860144 0 P 0
L 32.13699694 54.95859976 32.13699694 56.65860144 0 P 0
L 32.13699694 54.95859976 33.08699758 54.95859976 0 P 0
L 32.13699694 56.65860144 33.08699758 56.65860144 0 P 0
L 33.08699758 54.95859976 33.08699758 56.65860144 0 P 0
L 33.51424844 54.95859976 33.51424844 56.65860144 0 P 0
L 33.51424844 54.95859976 34.46424908 54.95859976 0 P 0
L 33.51424844 56.65860144 34.46424908 56.65860144 0 P 0
L 33.68159888 117.70379812 33.68159888 118.80379846 0 P 0
L 33.68159888 117.70379812 34.28159768 117.70379812 0 P 0
L 33.68159888 118.80379846 34.28159768 118.80379846 0 P 0
L 34.28159768 117.70379812 34.28159768 118.80379846 0 P 0
L 34.46424908 54.95859976 34.46424908 56.65860144 0 P 0
L 34.90559694 54.95859976 34.90559694 56.65860144 0 P 0
L 34.90559694 54.95859976 35.85559758 54.95859976 0 P 0
L 34.90559694 56.65860144 35.85559758 56.65860144 0 P 0
L 35.64139684 52.37100016 35.64139684 52.97099896 0 P 0
L 35.64139684 52.37100016 36.74139718 52.37100016 0 P 0
L 35.64139684 52.97099896 36.74139718 52.97099896 0 P 0
L 35.85559758 54.95859976 35.85559758 56.65860144 0 P 0
L 36.30259694 54.95859976 36.30259694 56.65860144 0 P 0
L 36.30259694 54.95859976 37.25259758 54.95859976 0 P 0
L 36.30259694 56.65860144 37.25259758 56.65860144 0 P 0
L 36.74139718 52.37100016 36.74139718 52.97099896 0 P 0
L 37.25259758 54.95859976 37.25259758 56.65860144 0 P 0
L 37.67984844 54.95859976 37.67984844 56.65860144 0 P 0
L 37.67984844 54.95859976 38.62984908 54.95859976 0 P 0
L 37.67984844 56.65860144 38.62984908 56.65860144 0 P 0
L 37.79267524 116.70363756 37.79267524 117.8036379 0 P 0
L 37.79267524 116.70363756 38.39267404 116.70363756 0 P 0
L 37.79267524 117.8036379 38.39267404 117.8036379 0 P 0
L 37.88339642 106.23039968 37.88339642 107.18040032 0 P 0
L 37.88339642 106.23039968 39.5833981 106.23039968 0 P 0
L 37.88339642 107.18040032 39.5833981 107.18040032 0 P 0
L 38.39267404 116.70363756 38.39267404 117.8036379 0 P 0
L 38.62984908 54.95859976 38.62984908 56.65860144 0 P 0
L 39.5833981 106.23039968 39.5833981 107.18040032 0 P 0
L 41.0213429 54.95859976 41.0213429 56.65860144 0 P 0
L 41.0213429 54.95859976 41.97134354 54.95859976 0 P 0
L 41.0213429 56.65860144 41.97134354 56.65860144 0 P 0
L 41.0899864 114.38301228 41.0899864 115.33301292 0 P 0
L 41.0899864 114.38301228 42.78998808 114.38301228 0 P 0
L 41.0899864 115.33301292 42.78998808 115.33301292 0 P 0
L 41.7291774 113.2632609 41.7291774 113.89326218 0 P 0
L 41.7291774 113.2632609 42.05917928 113.2632609 0 P 0
L 41.7291774 113.89326218 42.05917928 113.89326218 0 P 0
L 41.97134354 54.95859976 41.97134354 56.65860144 0 P 0
L 42.05917928 113.2632609 42.05917928 113.89326218 0 P 0
L 42.39143414 112.7932593 42.39143414 113.89325964 0 P 0
L 42.39143414 112.7932593 42.99143294 112.7932593 0 P 0
L 42.39143414 113.89325964 42.99143294 113.89325964 0 P 0
L 42.39859694 54.95859976 42.39859694 56.65860144 0 P 0
L 42.39859694 54.95859976 43.34859758 54.95859976 0 P 0
L 42.39859694 56.65860144 43.34859758 56.65860144 0 P 0
L 42.78998808 114.38301228 42.78998808 115.33301292 0 P 0
L 42.99143294 112.7932593 42.99143294 113.89325964 0 P 0
L 43.12705878 53.33087378 43.12705878 53.93087258 0 P 0
L 43.12705878 53.33087378 44.22705912 53.33087378 0 P 0
L 43.12705878 53.93087258 44.22705912 53.93087258 0 P 0
L 43.34859758 54.95859976 43.34859758 56.65860144 0 P 0
L 43.79559694 54.95859976 43.79559694 56.65860144 0 P 0
L 43.79559694 54.95859976 44.74559758 54.95859976 0 P 0
L 43.79559694 56.65860144 44.74559758 56.65860144 0 P 0
L 44.22705912 53.33087378 44.22705912 53.93087258 0 P 0
L 44.61439642 107.01779968 44.61439642 107.96780032 0 P 0
L 44.61439642 107.01779968 46.3143981 107.01779968 0 P 0
L 44.61439642 107.96780032 46.3143981 107.96780032 0 P 0
L 44.74559758 54.95859976 44.74559758 56.65860144 0 P 0
L 45.81945878 49.74947378 45.81945878 50.34947258 0 P 0
L 45.81945878 49.74947378 46.91945912 49.74947378 0 P 0
L 45.81945878 50.34947258 46.91945912 50.34947258 0 P 0
L 45.89565878 48.45407378 45.89565878 49.05407258 0 P 0
L 45.89565878 48.45407378 46.99565912 48.45407378 0 P 0
L 45.89565878 49.05407258 46.99565912 49.05407258 0 P 0
L 45.94645878 47.28567378 45.94645878 47.88567258 0 P 0
L 45.94645878 47.28567378 47.04645912 47.28567378 0 P 0
L 45.94645878 47.88567258 47.04645912 47.88567258 0 P 0
L 46.3143981 107.01779968 46.3143981 107.96780032 0 P 0
L 46.91945912 49.74947378 46.91945912 50.34947258 0 P 0
L 46.99565912 48.45407378 46.99565912 49.05407258 0 P 0
L 47.04645912 47.28567378 47.04645912 47.88567258 0 P 0
L 47.62339726 52.9844 47.62339726 59.9694 0 P 0
L 47.75039726 60.3504 49.02039726 62.2554 0 P 0
L 48.25839726 52.3494 50.79839726 52.3494 0 P 0
L 50.03639726 62.2554 51.30639726 60.3504 0 P 0
L 51.43339726 52.9844 51.43339726 59.9694 0 P 0
L 52.959 65.0494 52.959 67.5894 0 P 0
L 53.594 64.4144 60.579 64.4144 0 P 0
L 53.594 68.2244 60.579 68.2244 0 P 0
L 56.24278566 70.0325752 56.24278566 70.632574 0 P 0
L 56.24278566 70.0325752 57.34280886 70.0325752 0 P 0
L 56.24278566 70.632574 57.34280886 70.632574 0 P 0
L 56.24278566 72.610726 56.24278566 73.2107248 0 P 0
L 56.24278566 72.610726 57.34280886 72.610726 0 P 0
L 56.24278566 73.2107248 57.34280886 73.2107248 0 P 0
L 56.24278566 75.1887752 56.24278566 75.788774 0 P 0
L 56.24278566 75.1887752 57.34280886 75.1887752 0 P 0
L 56.24278566 75.788774 57.34280886 75.788774 0 P 0
L 56.24279582 73.89974552 56.24279582 74.49974432 0 P 0
L 56.24279582 73.89974552 57.34279616 73.89974552 0 P 0
L 56.24279582 74.49974432 57.34279616 74.49974432 0 P 0
L 56.24279836 71.32164552 56.24279836 71.92164432 0 P 0
L 56.24279836 71.32164552 57.3427987 71.32164552 0 P 0
L 56.24279836 71.92164432 57.3427987 71.92164432 0 P 0
L 56.61779888 105.41020066 56.61779888 106.510201 0 P 0
L 56.61779888 105.41020066 57.21779768 105.41020066 0 P 0
L 56.61779888 106.510201 57.21779768 106.510201 0 P 0
L 57.21779768 105.41020066 57.21779768 106.510201 0 P 0
L 57.34279616 73.89974552 57.34279616 74.49974432 0 P 0
L 57.3427987 71.32164552 57.3427987 71.92164432 0 P 0
L 57.34280886 70.0325752 57.34280886 70.632574 0 P 0
L 57.34280886 72.610726 57.34280886 73.2107248 0 P 0
L 57.34280886 75.1887752 57.34280886 75.788774 0 P 0
L 57.3948179 115.2067927 57.3948179 120.6067819 0 P 0
L 57.3948179 115.2067927 62.7948071 115.2067927 0 P 0
L 57.3948179 120.6067819 62.7948071 120.6067819 0 P 0
L 57.5818 1.75263302 57.68343302 1.651 3 P 0 ;0,1=1,2=0.000000
L 57.5818 2.26080066 57.5818 1.75263302 3 P 0 ;0,1=1,2=0.000000
L 57.68343302 1.651 57.8867016 1.651 3 P 0 ;0,1=1,2=0.000000
L 57.8867016 1.651 57.98833462 1.75263302 3 P 0 ;0,1=1,2=0.000000
L 57.96399888 105.43560066 57.96399888 106.535601 0 P 0
L 57.96399888 105.43560066 58.56399768 105.43560066 0 P 0
L 57.96399888 106.535601 58.56399768 106.535601 0 P 0
L 57.98833462 1.75263302 57.98833462 2.26080066 3 P 0 ;0,1=1,2=0.000000
L 57.99539582 111.79777488 57.99539582 112.39777368 0 P 0
L 57.99539582 111.79777488 59.09541902 111.79777488 0 P 0
L 57.99539582 112.39777368 59.09541902 112.39777368 0 P 0
L 57.99539582 112.72997774 57.99539582 113.32997654 0 P 0
L 57.99539582 112.72997774 59.09541902 112.72997774 0 P 0
L 57.99539582 113.32997654 59.09541902 113.32997654 0 P 0
L 58.19160066 1.651 58.59813528 2.05753462 3 P 0 ;0,1=1,2=0.000000
L 58.29323368 2.26080066 58.19160066 2.15916764 3 P 0 ;0,1=1,2=0.000000
L 58.49650226 2.26080066 58.29323368 2.26080066 3 P 0 ;0,1=1,2=0.000000
L 58.56399768 105.43560066 58.56399768 106.535601 0 P 0
L 58.59813528 1.651 58.19160066 1.651 3 P 0 ;0,1=1,2=0.000000
L 58.59813528 2.05753462 58.59813528 2.15916764 3 P 0 ;0,1=1,2=0.000000
L 58.59813528 2.15916764 58.49650226 2.26080066 3 P 0 ;0,1=1,2=0.000000
L 58.87633132 50.00356522 58.87633132 50.60356402 0 P 0
L 58.87633132 50.00356522 59.97633166 50.00356522 0 P 0
L 58.87633132 50.60356402 59.97633166 50.60356402 0 P 0
L 58.87633386 51.00782026 58.87633386 51.60781906 0 P 0
L 58.87633386 51.00782026 59.9763342 51.00782026 0 P 0
L 58.87633386 51.60781906 59.9763342 51.60781906 0 P 0
L 59.01139582 43.66734726 59.01139582 44.26734606 0 P 0
L 59.01139582 43.66734726 60.11139616 43.66734726 0 P 0
L 59.01139582 44.26734606 60.11139616 44.26734606 0 P 0
L 59.08559938 53.52937986 59.08559938 54.12937866 0 P 0
L 59.08559938 53.52937986 60.18559972 53.52937986 0 P 0
L 59.08559938 54.12937866 60.18559972 54.12937866 0 P 0
L 59.08759582 42.6514006 59.08759582 43.2513994 0 P 0
L 59.08759582 42.6514006 60.18759616 42.6514006 0 P 0
L 59.08759582 43.2513994 60.18759616 43.2513994 0 P 0
L 59.09399662 52.52512482 59.09399662 53.12512362 0 P 0
L 59.09399662 52.52512482 60.19399696 52.52512482 0 P 0
L 59.09399662 53.12512362 60.19399696 53.12512362 0 P 0
L 59.09541902 111.79777488 59.09541902 112.39777368 0 P 0
L 59.09541902 112.72997774 59.09541902 113.32997654 0 P 0
L 59.97633166 50.00356522 59.97633166 50.60356402 0 P 0
L 59.9763342 51.00782026 59.9763342 51.60781906 0 P 0
L 60.11139616 43.66734726 60.11139616 44.26734606 0 P 0
L 60.18559972 53.52937986 60.18559972 54.12937866 0 P 0
L 60.18759616 42.6514006 60.18759616 43.2513994 0 P 0
L 60.19399696 52.52512482 60.19399696 53.12512362 0 P 0
L 60.45219304 98.7202877 60.45219304 99.82028804 0 P 0
L 60.45219304 98.7202877 61.05219184 98.7202877 0 P 0
L 60.45219304 99.82028804 61.05219184 99.82028804 0 P 0
L 60.96 64.5414 62.865 65.8114 0 P 0
L 60.96 68.0974 62.865 66.8274 0 P 0
L 61.05219184 98.7202877 61.05219184 99.82028804 0 P 0
L 61.39899836 44.88035474 61.39899836 45.48035354 0 P 0
L 61.39899836 44.88035474 62.4989987 44.88035474 0 P 0
L 61.39899836 45.48035354 62.4989987 45.48035354 0 P 0
L 61.42980094 45.88460978 61.42980094 46.48460858 0 P 0
L 61.42980094 45.88460978 62.52980128 45.88460978 0 P 0
L 61.42980094 46.48460858 62.52980128 46.48460858 0 P 0
L 61.6629704 98.54889104 61.6629704 99.64889138 0 P 0
L 61.6629704 98.54889104 62.2629692 98.54889104 0 P 0
L 61.6629704 99.64889138 62.2629692 99.64889138 0 P 0
L 61.9001302 110.07062568 61.9001302 111.17062602 0 P 0
L 61.9001302 110.07062568 62.500129 110.07062568 0 P 0
L 61.9001302 111.17062602 62.500129 111.17062602 0 P 0
L 61.90017846 16.07561174 61.90017846 17.17563494 0 P 0
L 61.90017846 16.07561174 62.50017726 16.07561174 0 P 0
L 61.90017846 17.17563494 62.50017726 17.17563494 0 P 0
L 62.2629692 98.54889104 62.2629692 99.64889138 0 P 0
L 62.32114282 52.1296011 62.32114282 53.22960144 0 P 0
L 62.32114282 52.1296011 62.92114162 52.1296011 0 P 0
L 62.32114282 53.22960144 62.92114162 53.22960144 0 P 0
L 62.4989987 44.88035474 62.4989987 45.48035354 0 P 0
L 62.500129 110.07062568 62.500129 111.17062602 0 P 0
L 62.50017726 16.07561174 62.50017726 17.17563494 0 P 0
L 62.52980128 45.88460978 62.52980128 46.48460858 0 P 0
L 62.7948071 115.2067927 62.7948071 120.6067819 0 P 0
L 62.92114162 52.1296011 62.92114162 53.22960144 0 P 0
L 63.32539786 52.1296011 63.32539786 53.22960144 0 P 0
L 63.32539786 52.1296011 63.92539666 52.1296011 0 P 0
L 63.32539786 53.22960144 63.92539666 53.22960144 0 P 0
L 63.92539666 52.1296011 63.92539666 53.22960144 0 P 0
L 65.99040396 42.46899812 65.99040396 43.56899846 0 P 0
L 65.99040396 42.46899812 66.59040276 42.46899812 0 P 0
L 65.99040396 43.56899846 66.59040276 43.56899846 0 P 0
L 66.59040276 42.46899812 66.59040276 43.56899846 0 P 0
L 66.994659 42.53879732 66.994659 43.63879766 0 P 0
L 66.994659 42.53879732 67.5946578 42.53879732 0 P 0
L 66.994659 43.63879766 67.5946578 43.63879766 0 P 0
L 67.18619786 45.88119856 67.18619786 46.9811989 0 P 0
L 67.18619786 45.88119856 67.78619666 45.88119856 0 P 0
L 67.18619786 46.9811989 67.78619666 46.9811989 0 P 0
L 67.5946578 42.53879732 67.5946578 43.63879766 0 P 0
L 67.78619666 45.88119856 67.78619666 46.9811989 0 P 0
L 68.1904529 45.88119856 68.1904529 46.9811989 0 P 0
L 68.1904529 45.88119856 68.7904517 45.88119856 0 P 0
L 68.1904529 46.9811989 68.7904517 46.9811989 0 P 0
L 68.66379714 60.60818714 68.66379714 61.70818748 0 P 0
L 68.66379714 60.60818714 69.26379594 60.60818714 0 P 0
L 68.66379714 61.70818748 69.26379594 61.70818748 0 P 0
L 68.7904517 45.88119856 68.7904517 46.9811989 0 P 0
L 69.26379594 60.60818714 69.26379594 61.70818748 0 P 0
L 69.5717938 53.49260066 69.5717938 54.592601 0 P 0
L 69.5717938 53.49260066 70.1717926 53.49260066 0 P 0
L 69.5717938 54.592601 70.1717926 54.592601 0 P 0
L 69.66805218 60.60818968 69.66805218 61.70819002 0 P 0
L 69.66805218 60.60818968 70.26805098 60.60818968 0 P 0
L 69.66805218 61.70819002 70.26805098 61.70819002 0 P 0
L 70.1717926 53.49260066 70.1717926 54.592601 0 P 0
L 70.26805098 60.60818968 70.26805098 61.70819002 0 P 0
L 70.57604884 53.49259812 70.57604884 54.59259846 0 P 0
L 70.57604884 53.49259812 71.17604764 53.49259812 0 P 0
L 70.57604884 54.59259846 71.17604764 54.59259846 0 P 0
L 70.58979786 49.23399856 70.58979786 50.3339989 0 P 0
L 70.58979786 49.23399856 71.18979666 49.23399856 0 P 0
L 70.58979786 50.3339989 71.18979666 50.3339989 0 P 0
L 71.0303761 29.49702 71.0303761 30.44698 0 P 0
L 71.0303761 29.49702 72.7303981 29.49702 0 P 0
L 71.0303761 30.44698 72.7303981 30.44698 0 P 0
L 71.0303761 32.01162 71.0303761 32.96158 0 P 0
L 71.0303761 32.01162 72.7303981 32.01162 0 P 0
L 71.0303761 32.96158 72.7303981 32.96158 0 P 0
L 71.17604764 53.49259812 71.17604764 54.59259846 0 P 0
L 71.18979666 49.23399856 71.18979666 50.3339989 0 P 0
L 71.5940529 49.23399856 71.5940529 50.3339989 0 P 0
L 71.5940529 49.23399856 72.1940517 49.23399856 0 P 0
L 71.5940529 50.3339989 72.1940517 50.3339989 0 P 0
L 72.1940517 49.23399856 72.1940517 50.3339989 0 P 0
L 72.7303981 29.49702 72.7303981 30.44698 0 P 0
L 72.7303981 32.01162 72.7303981 32.96158 0 P 0
L 79.44076568 64.21973694 79.44076568 68.3197389 1 P 0
L 79.44076568 64.21973694 81.44076676 64.21973694 1 P 0
L 79.44076568 68.3197389 81.44076676 68.3197389 1 P 0
L 80.43959782 56.36800004 80.43959782 58.11799908 1 P 0
L 80.43959782 56.36800004 83.78959874 56.36800004 1 P 0
L 80.43959782 58.11799908 83.78959874 58.11799908 1 P 0
L 81.44076676 64.21973694 81.44076676 68.3197389 1 P 0
L 83.78959874 56.36800004 83.78959874 58.11799908 1 P 0
L 83.88419596 60.70000052 83.88419596 61.29999932 0 P 0
L 83.88419596 60.70000052 84.9841963 60.70000052 0 P 0
L 83.88419596 61.29999932 84.9841963 61.29999932 0 P 0
L 83.88419596 62.2348006 83.88419596 62.8347994 0 P 0
L 83.88419596 62.2348006 84.9841963 62.2348006 0 P 0
L 83.88419596 62.8347994 84.9841963 62.8347994 0 P 0
L 83.88419596 64.2668006 83.88419596 64.8667994 0 P 0
L 83.88419596 64.2668006 84.9841963 64.2668006 0 P 0
L 83.88419596 64.8667994 84.9841963 64.8667994 0 P 0
L 83.88419596 66.29999948 83.88419596 66.89999828 0 P 0
L 83.88419596 66.29999948 84.9841963 66.29999948 0 P 0
L 83.88419596 66.89999828 84.9841963 66.89999828 0 P 0
L 83.88419596 67.61100016 83.88419596 68.21099896 0 P 0
L 83.88419596 67.61100016 84.9841963 67.61100016 0 P 0
L 83.88419596 68.21099896 84.9841963 68.21099896 0 P 0
L 83.88419596 68.8642006 83.88419596 69.4641994 0 P 0
L 83.88419596 68.8642006 84.9841963 68.8642006 0 P 0
L 83.88419596 69.4641994 84.9841963 69.4641994 0 P 0
L 83.92279888 105.51179812 83.92279888 106.61179846 0 P 0
L 83.92279888 105.51179812 84.52279768 105.51179812 0 P 0
L 83.92279888 106.61179846 84.52279768 106.61179846 0 P 0
L 84.52279768 105.51179812 84.52279768 106.61179846 0 P 0
L 84.9841963 60.70000052 84.9841963 61.29999932 0 P 0
L 84.9841963 62.2348006 84.9841963 62.8347994 0 P 0
L 84.9841963 64.2668006 84.9841963 64.8667994 0 P 0
L 84.9841963 66.29999948 84.9841963 66.89999828 0 P 0
L 84.9841963 67.61100016 84.9841963 68.21099896 0 P 0
L 84.9841963 68.8642006 84.9841963 69.4641994 0 P 0
L 85.23513052 105.51179812 85.23513052 106.61179846 0 P 0
L 85.23513052 105.51179812 85.83512932 105.51179812 0 P 0
L 85.23513052 106.61179846 85.83512932 106.61179846 0 P 0
L 85.83512932 105.51179812 85.83512932 106.61179846 0 P 0
L 86.11599998 65.47341998 86.11599998 67.67341558 0 P 0
L 86.11599998 65.47341998 87.56598438 65.47341998 0 P 0
L 86.11599998 67.67341558 87.56598438 67.67341558 0 P 0
L 86.54746216 105.51179812 86.54746216 106.61179846 0 P 0
L 86.54746216 105.51179812 87.14746096 105.51179812 0 P 0
L 86.54746216 106.61179846 87.14746096 106.61179846 0 P 0
L 87.14746096 105.51179812 87.14746096 106.61179846 0 P 0
L 87.56598438 65.47341998 87.56598438 67.67341558 0 P 0
L 87.8597938 105.51179812 87.8597938 106.61179846 0 P 0
L 87.8597938 105.51179812 88.4597926 105.51179812 0 P 0
L 87.8597938 106.61179846 88.4597926 106.61179846 0 P 0
L 87.98880548 66.17578332 87.98880548 67.27580652 0 P 0
L 87.98880548 66.17578332 88.58880428 66.17578332 0 P 0
L 87.98880548 67.27580652 88.58880428 67.27580652 0 P 0
L 88.4597926 105.51179812 88.4597926 106.61179846 0 P 0
L 88.58880428 66.17578332 88.58880428 67.27580652 0 P 0
L 89.7926322 110.2755859 89.7926322 114.7756023 0 P 0
L 89.7926322 110.2755859 92.7926262 110.2755859 0 P 0
L 89.7926322 114.7756023 92.7926262 114.7756023 0 P 0
L 92.7926262 110.2755859 92.7926262 114.7756023 0 P 0
L 209.12589874 0.26412698 209.12589874 2.67712698 2 P 0
L 209.12589874 0.26412698 232.49389874 0.26412698 2 P 0
L 209.12589874 2.67712698 232.49389874 2.67712698 2 P 0
L 215.8169928 1.1532362 216.10740624 1.1532362 3 P 0 ;0,1=0,2=0.000000
L 215.96219952 1.55981654 215.72986826 0.9499473 3 P 0 ;0,1=0,2=0.000000
L 216.19453078 0.9499473 215.96219952 1.55981654 3 P 0 ;0,1=0,2=0.000000
L 216.33683174 1.2694031 216.3658741 1.21131838 3 P 0 ;0,1=0,2=0.000000
L 216.3658741 0.97898966 216.33683174 1.03707184 3 P 0 ;0,1=0,2=0.000000
L 216.3658741 1.21131838 216.42395628 1.18227856 3 P 0 ;0,1=0,2=0.000000
L 216.3658741 1.32748528 216.33683174 1.2694031 3 P 0 ;0,1=0,2=0.000000
L 216.42395628 1.18227856 216.569163 1.1532362 3 P 0 ;0,1=0,2=0.000000
L 216.4529961 0.9499473 216.3658741 0.97898966 3 P 0 ;0,1=0,2=0.000000
L 216.4529961 1.3565251 216.3658741 1.32748528 3 P 0 ;0,1=0,2=0.000000
L 216.54012064 0.9499473 216.4529961 0.9499473 3 P 0 ;0,1=0,2=0.000000
L 216.54012064 1.3565251 216.4529961 1.3565251 3 P 0 ;0,1=0,2=0.000000
L 216.569163 1.1532362 216.62724518 1.12419638 3 P 0 ;0,1=0,2=0.000000
L 216.62724518 0.97898966 216.54012064 0.9499473 3 P 0 ;0,1=0,2=0.000000
L 216.62724518 1.12419638 216.65628754 1.06611166 3 P 0 ;0,1=0,2=0.000000
L 216.62724518 1.32748528 216.54012064 1.3565251 3 P 0 ;0,1=0,2=0.000000
L 216.65628754 1.03707184 216.62724518 0.97898966 3 P 0 ;0,1=0,2=0.000000
L 216.65628754 1.06611166 216.65628754 1.03707184 3 P 0 ;0,1=0,2=0.000000
L 216.65628754 1.2694031 216.62724518 1.32748528 3 P 0 ;0,1=0,2=0.000000
L 216.78406732 1.2694031 216.81310968 1.21131838 3 P 0 ;0,1=0,2=0.000000
L 216.81310968 0.97898966 216.78406732 1.03707184 3 P 0 ;0,1=0,2=0.000000
L 216.81310968 1.21131838 216.87119186 1.18227856 3 P 0 ;0,1=0,2=0.000000
L 216.81310968 1.32748528 216.78406732 1.2694031 3 P 0 ;0,1=0,2=0.000000
L 216.87119186 1.18227856 217.01639858 1.1532362 3 P 0 ;0,1=0,2=0.000000
L 216.90023168 0.9499473 216.81310968 0.97898966 3 P 0 ;0,1=0,2=0.000000
L 216.90023168 1.3565251 216.81310968 1.32748528 3 P 0 ;0,1=0,2=0.000000
L 216.98735622 0.9499473 216.90023168 0.9499473 3 P 0 ;0,1=0,2=0.000000
L 216.98735622 1.3565251 216.90023168 1.3565251 3 P 0 ;0,1=0,2=0.000000
L 217.01639858 1.1532362 217.07448076 1.12419638 3 P 0 ;0,1=0,2=0.000000
L 217.07448076 0.97898966 216.98735622 0.9499473 3 P 0 ;0,1=0,2=0.000000
L 217.07448076 1.12419638 217.10352312 1.06611166 3 P 0 ;0,1=0,2=0.000000
L 217.07448076 1.32748528 216.98735622 1.3565251 3 P 0 ;0,1=0,2=0.000000
L 217.10352312 1.03707184 217.07448076 0.97898966 3 P 0 ;0,1=0,2=0.000000
L 217.10352312 1.06611166 217.10352312 1.03707184 3 P 0 ;0,1=0,2=0.000000
L 217.10352312 1.2694031 217.07448076 1.32748528 3 P 0 ;0,1=0,2=0.000000
L 217.2313029 1.12419638 217.26034526 1.03707184 3 P 0 ;0,1=0,2=0.000000
L 217.2313029 1.18227856 217.2313029 1.12419638 3 P 0 ;0,1=0,2=0.000000
L 217.2313029 1.18227856 217.57979852 1.18227856 3 P 0 ;0,1=0,2=0.000000
L 217.26034526 1.03707184 217.31842744 0.97898966 3 P 0 ;0,1=0,2=0.000000
L 217.26034526 1.2694031 217.2313029 1.18227856 3 P 0 ;0,1=0,2=0.000000
L 217.31842744 0.97898966 217.37650962 0.9499473 3 P 0 ;0,1=0,2=0.000000
L 217.31842744 1.32748528 217.26034526 1.2694031 3 P 0 ;0,1=0,2=0.000000
L 217.37650962 0.9499473 217.46363416 0.9499473 3 P 0 ;0,1=0,2=0.000000
L 217.37650962 1.3565251 217.31842744 1.32748528 3 P 0 ;0,1=0,2=0.000000
L 217.46363416 0.9499473 217.52171634 0.97898966 3 P 0 ;0,1=0,2=0.000000
L 217.46363416 1.3565251 217.37650962 1.3565251 3 P 0 ;0,1=0,2=0.000000
L 217.52171634 0.97898966 217.57979852 1.03707184 3 P 0 ;0,1=0,2=0.000000
L 217.52171634 1.32748528 217.46363416 1.3565251 3 P 0 ;0,1=0,2=0.000000
L 217.5507587 1.29844292 217.52171634 1.32748528 3 P 0 ;0,1=0,2=0.000000
L 217.57979852 1.18227856 217.57979852 1.24036074 3 P 0 ;0,1=0,2=0.000000
L 217.57979852 1.24036074 217.5507587 1.29844292 3 P 0 ;0,1=0,2=0.000000
L 217.71048406 1.24036074 217.7976086 1.32748528 3 P 0 ;0,1=0,2=0.000000
L 217.71048406 1.3565251 217.71048406 0.9499473 3 P 0 ;0,1=0,2=0.000000
L 217.7976086 1.32748528 217.85569078 1.3565251 3 P 0 ;0,1=0,2=0.000000
L 217.85569078 1.3565251 217.94281532 1.3565251 3 P 0 ;0,1=0,2=0.000000
L 217.94281532 1.3565251 218.0008975 1.32748528 3 P 0 ;0,1=0,2=0.000000
L 218.0008975 1.32748528 218.02993986 1.24036074 3 P 0 ;0,1=0,2=0.000000
L 218.02993986 1.24036074 218.02993986 0.9499473 3 P 0 ;0,1=0,2=0.000000
L 218.02993986 1.24036074 218.11706186 1.32748528 3 P 0 ;0,1=0,2=0.000000
L 218.11706186 1.32748528 218.17514658 1.3565251 3 P 0 ;0,1=0,2=0.000000
L 218.17514658 1.3565251 218.26226858 1.3565251 3 P 0 ;0,1=0,2=0.000000
L 218.26226858 1.3565251 218.3203533 1.32748528 3 P 0 ;0,1=0,2=0.000000
L 218.3203533 1.32748528 218.34939312 1.24036074 3 P 0 ;0,1=0,2=0.000000
L 218.34939312 1.24036074 218.34939312 0.9499473 3 P 0 ;0,1=0,2=0.000000
L 218.5410666 1.2694031 218.59914878 1.32748528 3 P 0 ;0,1=0,2=0.000000
L 218.5410666 1.55981654 218.5410666 0.9499473 3 P 0 ;0,1=0,2=0.000000
L 218.59914878 0.97898966 218.5410666 1.03707184 3 P 0 ;0,1=0,2=0.000000
L 218.59914878 1.32748528 218.65723096 1.3565251 3 P 0 ;0,1=0,2=0.000000
L 218.65723096 0.9499473 218.59914878 0.97898966 3 P 0 ;0,1=0,2=0.000000
L 218.65723096 1.3565251 218.7443555 1.3565251 3 P 0 ;0,1=0,2=0.000000
L 218.7443555 0.9499473 218.65723096 0.9499473 3 P 0 ;0,1=0,2=0.000000
L 218.7443555 1.3565251 218.80243768 1.32748528 3 P 0 ;0,1=0,2=0.000000
L 218.80243768 0.97898966 218.7443555 0.9499473 3 P 0 ;0,1=0,2=0.000000
L 218.80243768 1.32748528 218.8605224 1.2694031 3 P 0 ;0,1=0,2=0.000000
L 218.8605224 1.03707184 218.80243768 0.97898966 3 P 0 ;0,1=0,2=0.000000
L 218.8605224 1.2694031 218.88956222 1.18227856 3 P 0 ;0,1=0,2=0.000000
L 218.88956222 1.12419638 218.8605224 1.03707184 3 P 0 ;0,1=0,2=0.000000
L 218.88956222 1.18227856 218.88956222 1.12419638 3 P 0 ;0,1=0,2=0.000000
L 219.02024776 1.55981654 219.02024776 0.9499473 3 P 0 ;0,1=0,2=0.000000
L 219.17707244 0.7466584 219.14803008 0.7466584 3 P 0 ;0,1=0,2=0.000000
L 219.17707244 1.3565251 219.35131898 0.9499473 3 P 0 ;0,1=0,2=0.000000
L 219.23515462 0.77569822 219.17707244 0.7466584 3 P 0 ;0,1=0,2=0.000000
L 219.2932368 0.83378294 219.23515462 0.77569822 3 P 0 ;0,1=0,2=0.000000
L 219.35131898 0.9499473 219.2932368 0.83378294 3 P 0 ;0,1=0,2=0.000000
L 219.52556806 1.3565251 219.35131898 0.9499473 3 P 0 ;0,1=0,2=0.000000
L 220.1063924 1.2694031 220.36776348 1.2694031 3 P 0 ;0,1=0,2=0.000000
L 220.1063924 1.55981654 220.1063924 0.9499473 3 P 0 ;0,1=0,2=0.000000
L 220.1063924 1.55981654 220.36776348 1.55981654 3 P 0 ;0,1=0,2=0.000000
L 220.36776348 0.9499473 220.1063924 0.9499473 3 P 0 ;0,1=0,2=0.000000
L 220.36776348 1.2694031 220.45488802 1.24036074 3 P 0 ;0,1=0,2=0.000000
L 220.36776348 1.55981654 220.45488802 1.53077418 3 P 0 ;0,1=0,2=0.000000
L 220.45488802 0.97898966 220.36776348 0.9499473 3 P 0 ;0,1=0,2=0.000000
L 220.45488802 1.24036074 220.48393038 1.21131838 3 P 0 ;0,1=0,2=0.000000
L 220.45488802 1.29844292 220.36776348 1.2694031 3 P 0 ;0,1=0,2=0.000000
L 220.45488802 1.53077418 220.48393038 1.50173182 3 P 0 ;0,1=0,2=0.000000
L 220.48393038 1.00802948 220.45488802 0.97898966 3 P 0 ;0,1=0,2=0.000000
L 220.48393038 1.21131838 220.5129702 1.1532362 3 P 0 ;0,1=0,2=0.000000
L 220.48393038 1.32748528 220.45488802 1.29844292 3 P 0 ;0,1=0,2=0.000000
L 220.48393038 1.50173182 220.5129702 1.44364964 3 P 0 ;0,1=0,2=0.000000
L 220.5129702 1.06611166 220.48393038 1.00802948 3 P 0 ;0,1=0,2=0.000000
L 220.5129702 1.1532362 220.5129702 1.06611166 3 P 0 ;0,1=0,2=0.000000
L 220.5129702 1.38556746 220.48393038 1.32748528 3 P 0 ;0,1=0,2=0.000000
L 220.5129702 1.44364964 220.5129702 1.38556746 3 P 0 ;0,1=0,2=0.000000
L 220.64946472 1.12419638 220.67850708 1.03707184 3 P 0 ;0,1=0,2=0.000000
L 220.64946472 1.18227856 220.64946472 1.12419638 3 P 0 ;0,1=0,2=0.000000
L 220.67850708 1.03707184 220.73658926 0.97898966 3 P 0 ;0,1=0,2=0.000000
L 220.67850708 1.2694031 220.64946472 1.18227856 3 P 0 ;0,1=0,2=0.000000
L 220.73658926 0.97898966 220.79467144 0.9499473 3 P 0 ;0,1=0,2=0.000000
L 220.73658926 1.32748528 220.67850708 1.2694031 3 P 0 ;0,1=0,2=0.000000
L 220.79467144 0.9499473 220.88179598 0.9499473 3 P 0 ;0,1=0,2=0.000000
L 220.79467144 1.3565251 220.73658926 1.32748528 3 P 0 ;0,1=0,2=0.000000
L 220.88179598 0.9499473 220.93987816 0.97898966 3 P 0 ;0,1=0,2=0.000000
L 220.88179598 1.3565251 220.79467144 1.3565251 3 P 0 ;0,1=0,2=0.000000
L 220.93987816 0.97898966 220.99796034 1.03707184 3 P 0 ;0,1=0,2=0.000000
L 220.93987816 1.32748528 220.88179598 1.3565251 3 P 0 ;0,1=0,2=0.000000
L 220.99796034 1.03707184 221.0270027 1.12419638 3 P 0 ;0,1=0,2=0.000000
L 220.99796034 1.2694031 220.93987816 1.32748528 3 P 0 ;0,1=0,2=0.000000
L 221.0270027 1.12419638 221.0270027 1.18227856 3 P 0 ;0,1=0,2=0.000000
L 221.0270027 1.18227856 220.99796034 1.2694031 3 P 0 ;0,1=0,2=0.000000
L 221.16059146 1.3565251 221.36388036 1.3565251 3 P 0 ;0,1=0,2=0.000000
L 221.247716 1.06611166 221.27675582 0.97898966 3 P 0 ;0,1=0,2=0.000000
L 221.247716 1.55981654 221.247716 1.06611166 3 P 0 ;0,1=0,2=0.000000
L 221.27675582 0.97898966 221.33484054 0.9499473 3 P 0 ;0,1=0,2=0.000000
L 221.33484054 0.9499473 221.39292272 0.9499473 3 P 0 ;0,1=0,2=0.000000
L 221.48004726 1.3565251 221.68333616 1.3565251 3 P 0 ;0,1=0,2=0.000000
L 221.5671718 1.06611166 221.59621162 0.97898966 3 P 0 ;0,1=0,2=0.000000
L 221.5671718 1.55981654 221.5671718 1.06611166 3 P 0 ;0,1=0,2=0.000000
L 221.59621162 0.97898966 221.65429634 0.9499473 3 P 0 ;0,1=0,2=0.000000
L 221.65429634 0.9499473 221.71237852 0.9499473 3 P 0 ;0,1=0,2=0.000000
L 221.79950306 1.12419638 221.82854542 1.03707184 3 P 0 ;0,1=0,2=0.000000
L 221.79950306 1.18227856 221.79950306 1.12419638 3 P 0 ;0,1=0,2=0.000000
L 221.82854542 1.03707184 221.8866276 0.97898966 3 P 0 ;0,1=0,2=0.000000
L 221.82854542 1.2694031 221.79950306 1.18227856 3 P 0 ;0,1=0,2=0.000000
L 221.8866276 0.97898966 221.94470978 0.9499473 3 P 0 ;0,1=0,2=0.000000
L 221.8866276 1.32748528 221.82854542 1.2694031 3 P 0 ;0,1=0,2=0.000000
L 221.94470978 0.9499473 222.03183432 0.9499473 3 P 0 ;0,1=0,2=0.000000
L 221.94470978 1.3565251 221.8866276 1.32748528 3 P 0 ;0,1=0,2=0.000000
L 222.03183432 0.9499473 222.0899165 0.97898966 3 P 0 ;0,1=0,2=0.000000
L 222.03183432 1.3565251 221.94470978 1.3565251 3 P 0 ;0,1=0,2=0.000000
L 222.0899165 0.97898966 222.14799868 1.03707184 3 P 0 ;0,1=0,2=0.000000
L 222.0899165 1.32748528 222.03183432 1.3565251 3 P 0 ;0,1=0,2=0.000000
L 222.14799868 1.03707184 222.17704104 1.12419638 3 P 0 ;0,1=0,2=0.000000
L 222.14799868 1.2694031 222.0899165 1.32748528 3 P 0 ;0,1=0,2=0.000000
L 222.17704104 1.12419638 222.17704104 1.18227856 3 P 0 ;0,1=0,2=0.000000
L 222.17704104 1.18227856 222.14799868 1.2694031 3 P 0 ;0,1=0,2=0.000000
L 222.3106298 1.24036074 222.39775434 1.32748528 3 P 0 ;0,1=0,2=0.000000
L 222.3106298 1.3565251 222.3106298 0.9499473 3 P 0 ;0,1=0,2=0.000000
L 222.39775434 1.32748528 222.45583652 1.3565251 3 P 0 ;0,1=0,2=0.000000
L 222.45583652 1.3565251 222.54296106 1.3565251 3 P 0 ;0,1=0,2=0.000000
L 222.54296106 1.3565251 222.60104324 1.32748528 3 P 0 ;0,1=0,2=0.000000
L 222.60104324 1.32748528 222.6300856 1.24036074 3 P 0 ;0,1=0,2=0.000000
L 222.6300856 1.24036074 222.6300856 0.9499473 3 P 0 ;0,1=0,2=0.000000
L 222.6300856 1.24036074 222.7172076 1.32748528 3 P 0 ;0,1=0,2=0.000000
L 222.7172076 1.32748528 222.77529232 1.3565251 3 P 0 ;0,1=0,2=0.000000
L 222.77529232 1.3565251 222.86241432 1.3565251 3 P 0 ;0,1=0,2=0.000000
L 222.86241432 1.3565251 222.92049904 1.32748528 3 P 0 ;0,1=0,2=0.000000
L 222.92049904 1.32748528 222.94953886 1.24036074 3 P 0 ;0,1=0,2=0.000000
L 222.94953886 1.24036074 222.94953886 0.9499473 3 P 0 ;0,1=0,2=0.000000
L 232.49389874 0.26412698 232.49389874 2.67712698 2 P 0
P 211.53889874 1.47062698 4 P 0 0
