UNITS=MM
#Layer_Color=9474304
#
#Feature symbol names
#
$0 r127

#
#Feature attribute names
#

#
#Layer features
#
L 14.07630916 29.05719868 14.27630876 29.05719868 0 P 0
L 14.17630896 28.95719888 14.17630896 29.15719848 0 P 0
L 14.29093916 31.35529162 14.49093876 31.35529162 0 P 0
L 14.39093896 31.25529182 14.39093896 31.45529142 0 P 0
L 17.22500238 36.97619986 17.42500198 36.97619986 0 P 0
L 17.32500218 36.87620006 17.32500218 37.07619966 0 P 0
L 17.48807526 28.65881746 17.68807486 28.65881746 0 P 0
L 17.50167696 30.8404006 17.70167656 30.8404006 0 P 0
L 17.58807506 28.55881766 17.58807506 28.75881726 0 P 0
L 17.60167676 30.7404008 17.60167676 30.9404004 0 P 0
L 17.72500138 36.72967508 17.92500098 36.72967508 0 P 0
L 17.79999996 27.26200288 17.99999956 27.26200288 0 P 0
L 17.82500118 36.62967528 17.82500118 36.82967488 0 P 0
L 17.89999976 27.16200308 17.89999976 27.36200268 0 P 0
L 18.0749956 30.46767592 18.2749952 30.46767592 0 P 0
L 18.1749954 30.36767612 18.1749954 30.56767572 0 P 0
L 18.19999916 28.07298424 18.39999876 28.07298424 0 P 0
L 18.22494958 37.01228818 18.42494918 37.01228818 0 P 0
L 18.29999896 27.97298444 18.29999896 28.17298404 0 P 0
L 18.32494938 36.91228838 18.32494938 37.11228798 0 P 0
L 18.42329056 38.54117768 18.62329016 38.54117768 0 P 0
L 18.52329036 38.44117788 18.52329036 38.64117748 0 P 0
L 18.56690978 30.00831692 18.76690938 30.00831692 0 P 0
L 18.66690958 29.90831712 18.66690958 30.10831672 0 P 0
L 18.72500192 36.75529098 18.92500152 36.75529098 0 P 0
L 18.82500172 36.65529118 18.82500172 36.85529078 0 P 0
L 18.9500002 30.67500088 19.1499998 30.67500088 0 P 0
L 19.05 30.57500108 19.05 30.77500068 0 P 0
L 19.0765557 28.00700774 19.2765553 28.00700774 0 P 0
L 19.1765555 27.90700794 19.1765555 28.10700754 0 P 0
L 19.22475708 37.02086576 19.42475668 37.02086576 0 P 0
L 19.30092406 29.6683938 19.50092366 29.6683938 0 P 0
L 19.31934668 32.05791912 19.51934628 32.05791912 0 P 0
L 19.32475688 36.92086596 19.32475688 37.12086556 0 P 0
L 19.38224216 31.03590948 19.58224176 31.03590948 0 P 0
L 19.40092386 29.568394 19.40092386 29.7683936 0 P 0
L 19.41934648 31.95791932 19.41934648 32.15791892 0 P 0
L 19.4389502 28.575 19.6389498 28.575 0 P 0
L 19.4531742 26.87785074 19.6531738 26.87785074 0 P 0
L 19.48224196 30.93590968 19.48224196 31.13590928 0 P 0
L 19.53895 28.4750002 19.53895 28.6749998 0 P 0
L 19.553174 26.77785094 19.553174 26.97785054 0 P 0
L 19.72500246 36.75529098 19.92500206 36.75529098 0 P 0
L 19.82500226 36.65529118 19.82500226 36.85529078 0 P 0
L 19.97499942 28.10528796 20.17499902 28.10528796 0 P 0
L 20.07499922 28.00528816 20.07499922 28.20528776 0 P 0
L 20.20029234 32.45136512 20.40029194 32.45136512 0 P 0
L 20.2185778 34.51375622 20.4185774 34.51375622 0 P 0
L 20.22506242 37.01297398 20.42506202 37.01297398 0 P 0
L 20.30029214 32.35136532 20.30029214 32.55136492 0 P 0
L 20.3185776 34.41375642 20.3185776 34.61375602 0 P 0
L 20.32506222 36.91297418 20.32506222 37.11297378 0 P 0
L 20.60795726 33.90855296 20.80795686 33.90855296 0 P 0
L 20.62467554 28.759023 20.82467514 28.759023 0 P 0
L 20.62500066 29.40499834 20.82500026 29.40499834 0 P 0
L 20.62500066 31.35529162 20.82500026 31.35529162 0 P 0
L 20.70795706 33.80855316 20.70795706 34.00855276 0 P 0
L 20.72467534 28.6590232 20.72467534 28.8590228 0 P 0
L 20.72500046 29.30499854 20.72500046 29.50499814 0 P 0
L 20.72500046 31.25529182 20.72500046 31.45529142 0 P 0
L 20.72500046 36.75529098 20.92500006 36.75529098 0 P 0
L 20.77089318 34.43386052 20.97089278 34.43386052 0 P 0
L 20.82500026 36.65529118 20.82500026 36.85529078 0 P 0
L 20.87089298 34.33386072 20.87089298 34.53386032 0 P 0
L 20.93421264 37.52055996 21.13421224 37.52055996 0 P 0
L 21.03421244 37.42056016 21.03421244 37.62055976 0 P 0
L 21.27499936 29.40499834 21.47499896 29.40499834 0 P 0
L 21.27499936 30.05528914 21.47499896 30.05528914 0 P 0
L 21.27499936 30.70499828 21.47499896 30.70499828 0 P 0
L 21.27499936 31.33938614 21.47499896 31.33938614 0 P 0
L 21.2790786 28.1049984 21.4790782 28.1049984 0 P 0
L 21.36319832 32.5502905 21.56319792 32.5502905 0 P 0
L 21.37499916 29.30499854 21.37499916 29.50499814 0 P 0
L 21.37499916 29.95528934 21.37499916 30.15528894 0 P 0
L 21.37499916 30.60499848 21.37499916 30.80499808 0 P 0
L 21.37499916 31.23938634 21.37499916 31.43938594 0 P 0
L 21.3790784 28.0049986 21.3790784 28.2049982 0 P 0
L 21.46319812 32.4502907 21.46319812 32.6502903 0 P 0
L 21.76548352 38.35150826 21.96548312 38.35150826 0 P 0
L 21.78939762 34.3750011 21.98939722 34.3750011 0 P 0
L 21.86548332 38.25150846 21.86548332 38.45150806 0 P 0
L 21.87857702 31.33641688 22.07857662 31.33641688 0 P 0
L 21.88939742 34.2750013 21.88939742 34.4750009 0 P 0
L 21.9250006 28.75499964 22.1250002 28.75499964 0 P 0
L 21.9250006 30.05499958 22.1250002 30.05499958 0 P 0
L 21.97857682 31.23641708 21.97857682 31.43641668 0 P 0
L 22.0250004 28.65499984 22.0250004 28.85499944 0 P 0
L 22.0250004 29.95499978 22.0250004 30.15499938 0 P 0
L 22.21559692 32.46854822 22.41559652 32.46854822 0 P 0
L 22.31559672 32.36854842 22.31559672 32.56854802 0 P 0
L 22.5293682 30.07531704 22.7293678 30.07531704 0 P 0
L 22.5749993 28.1049984 22.7749989 28.1049984 0 P 0
L 22.5749993 30.70499828 22.7749989 30.70499828 0 P 0
L 22.5749993 31.35499952 22.7749989 31.35499952 0 P 0
L 22.629368 29.97531724 22.629368 30.17531684 0 P 0
L 22.6749991 28.0049986 22.6749991 28.2049982 0 P 0
L 22.6749991 30.60499848 22.6749991 30.80499808 0 P 0
L 22.6749991 31.25499972 22.6749991 31.45499932 0 P 0
L 22.68747558 32.83455968 22.88747518 32.83455968 0 P 0
L 22.78747538 32.73455988 22.78747538 32.93455948 0 P 0
L 22.8397435 24.04853712 23.0397431 24.04853712 0 P 0
L 22.8944424 33.40295326 23.094442 33.40295326 0 P 0
L 22.9397433 23.94853732 22.9397433 24.14853692 0 P 0
L 22.9944422 33.30295346 22.9944422 33.50295306 0 P 0
L 23.22194492 32.00529032 23.42194452 32.00529032 0 P 0
L 23.22500054 25.50431272 23.42500014 25.50431272 0 P 0
L 23.22500054 26.15431142 23.42500014 26.15431142 0 P 0
L 23.22500054 26.80431266 23.42500014 26.80431266 0 P 0
L 23.22500054 28.1049984 23.42500014 28.1049984 0 P 0
L 23.22500054 28.7528889 23.42500014 28.7528889 0 P 0
L 23.22500054 30.70499828 23.42500014 30.70499828 0 P 0
L 23.25112444 31.35152734 23.45112404 31.35152734 0 P 0
L 23.32194472 31.90529052 23.32194472 32.10529012 0 P 0
L 23.32500034 25.40431292 23.32500034 25.60431252 0 P 0
L 23.32500034 26.05431162 23.32500034 26.25431122 0 P 0
L 23.32500034 26.70431286 23.32500034 26.90431246 0 P 0
L 23.32500034 28.0049986 23.32500034 28.2049982 0 P 0
L 23.32500034 28.6528891 23.32500034 28.8528887 0 P 0
L 23.32500034 30.60499848 23.32500034 30.80499808 0 P 0
L 23.35112424 31.25152754 23.35112424 31.45152714 0 P 0
L 23.37240436 34.56683714 23.57240396 34.56683714 0 P 0
L 23.38464208 24.12326646 23.58464168 24.12326646 0 P 0
L 23.38464208 38.64450996 23.58464168 38.64450996 0 P 0
L 23.46839096 33.38440872 23.66839056 33.38440872 0 P 0
L 23.47240416 34.46683734 23.47240416 34.66683694 0 P 0
L 23.47500004 22.34560682 23.67499964 22.34560682 0 P 0
L 23.48464188 24.02326666 23.48464188 24.22326626 0 P 0
L 23.48464188 38.54451016 23.48464188 38.74450976 0 P 0
L 23.56839076 33.28440892 23.56839076 33.48440852 0 P 0
L 23.57499984 22.24560702 23.57499984 22.44560662 0 P 0
L 23.62758546 37.72839292 23.82758506 37.72839292 0 P 0
L 23.72500208 36.94529822 23.92500168 36.94529822 0 P 0
L 23.72758526 37.62839312 23.72758526 37.82839272 0 P 0
L 23.82500188 36.84529842 23.82500188 37.04529802 0 P 0
L 23.87500178 26.80431266 24.07500138 26.80431266 0 P 0
L 23.87500178 28.1049984 24.07500138 28.1049984 0 P 0
L 23.87500178 28.75499964 24.07500138 28.75499964 0 P 0
L 23.87500178 29.40499834 24.07500138 29.40499834 0 P 0
L 23.87500178 30.70499828 24.07500138 30.70499828 0 P 0
L 23.87500178 31.35499952 24.07500138 31.35499952 0 P 0
L 23.97500158 26.70431286 23.97500158 26.90431246 0 P 0
L 23.97500158 28.0049986 23.97500158 28.2049982 0 P 0
L 23.97500158 28.65499984 23.97500158 28.85499944 0 P 0
L 23.97500158 29.30499854 23.97500158 29.50499814 0 P 0
L 23.97500158 30.60499848 23.97500158 30.80499808 0 P 0
L 23.97500158 31.25499972 23.97500158 31.45499932 0 P 0
L 23.99873788 24.44570168 24.19873748 24.44570168 0 P 0
L 24.09873768 24.34570188 24.09873768 24.54570148 0 P 0
L 24.25107418 23.71780626 24.45107378 23.71780626 0 P 0
L 24.32078956 33.65818516 24.52078916 33.65818516 0 P 0
L 24.35107398 23.61780646 24.35107398 23.81780606 0 P 0
L 24.42078936 33.55818536 24.42078936 33.75818496 0 P 0
L 24.46324038 35.18966546 24.66323998 35.18966546 0 P 0
L 24.52500048 30.05499958 24.72500008 30.05499958 0 P 0
L 24.52500048 31.35499952 24.72500008 31.35499952 0 P 0
L 24.56324018 35.08966566 24.56324018 35.28966526 0 P 0
L 24.62318926 32.64015062 24.82318886 32.64015062 0 P 0
L 24.62500028 29.95499978 24.62500028 30.15499938 0 P 0
L 24.62500028 31.25499972 24.62500028 31.45499932 0 P 0
L 24.71092086 37.48010792 24.91092046 37.48010792 0 P 0
L 24.72318906 32.54015082 24.72318906 32.74015042 0 P 0
L 24.76232538 22.38470504 24.96232498 22.38470504 0 P 0
L 24.81092066 37.38010812 24.81092066 37.58010772 0 P 0
L 24.86232518 22.28470524 24.86232518 22.48470484 0 P 0
L 25.059513 33.19143984 25.2595126 33.19143984 0 P 0
L 25.1595128 33.09144004 25.1595128 33.29143964 0 P 0
L 25.17500172 27.45402434 25.37500132 27.45402434 0 P 0
L 25.17500172 29.40499834 25.37500132 29.40499834 0 P 0
L 25.17500172 30.05499958 25.37500132 30.05499958 0 P 0
L 25.17500172 30.70499828 25.37500132 30.70499828 0 P 0
L 25.27500152 27.35402454 25.27500152 27.55402414 0 P 0
L 25.27500152 29.30499854 25.27500152 29.50499814 0 P 0
L 25.27500152 29.95499978 25.27500152 30.15499938 0 P 0
L 25.27500152 30.60499848 25.27500152 30.80499808 0 P 0
L 25.29999766 24.9802396 25.49999726 24.9802396 0 P 0
L 25.39999746 24.8802398 25.39999746 25.0802394 0 P 0
L 25.82500042 26.15431142 26.02500002 26.15431142 0 P 0
L 25.82500042 28.75499964 26.02500002 28.75499964 0 P 0
L 25.82500042 29.40499834 26.02500002 29.40499834 0 P 0
L 25.82500042 30.05499958 26.02500002 30.05499958 0 P 0
L 25.82500042 30.70499828 26.02500002 30.70499828 0 P 0
L 25.82500042 31.35499952 26.02500002 31.35499952 0 P 0
L 25.92500022 26.05431162 25.92500022 26.25431122 0 P 0
L 25.92500022 28.65499984 25.92500022 28.85499944 0 P 0
L 25.92500022 29.30499854 25.92500022 29.50499814 0 P 0
L 25.92500022 29.95499978 25.92500022 30.15499938 0 P 0
L 25.92500022 30.60499848 25.92500022 30.80499808 0 P 0
L 25.92500022 31.25499972 25.92500022 31.45499932 0 P 0
L 26.12521572 32.40667382 26.32521532 32.40667382 0 P 0
L 26.22521552 32.30667402 26.22521552 32.50667362 0 P 0
L 26.58374414 32.8268965 26.78374374 32.8268965 0 P 0
L 26.58535704 24.01780058 26.78535664 24.01780058 0 P 0
L 26.68374394 32.7268967 26.68374394 32.9268963 0 P 0
L 26.68535684 23.91780078 26.68535684 24.11780038 0 P 0
L 26.86763994 31.0454294 27.06763954 31.0454294 0 P 0
L 26.88652738 29.0707318 27.08652698 29.0707318 0 P 0
L 26.88652738 29.72073304 27.08652698 29.72073304 0 P 0
L 26.88652738 30.37073174 27.08652698 30.37073174 0 P 0
L 26.89999954 31.6796801 27.09999914 31.6796801 0 P 0
L 26.96763974 30.9454296 26.96763974 31.1454292 0 P 0
L 26.98652718 28.970732 26.98652718 29.1707316 0 P 0
L 26.98652718 29.62073324 26.98652718 29.82073284 0 P 0
L 26.98652718 30.27073194 26.98652718 30.47073154 0 P 0
L 26.99999934 31.5796803 26.99999934 31.7796799 0 P 0
L 28.06968732 33.57626254 28.26968692 33.57626254 0 P 0
L 28.16968712 33.47626274 28.16968712 33.67626234 0 P 0
L 28.44128678 32.00649174 28.64128638 32.00649174 0 P 0
L 28.54128658 31.90649194 28.54128658 32.10649154 0 P 0
L 28.88083378 22.7552885 29.08083338 22.7552885 0 P 0
L 28.8909633 23.34789336 29.0909629 23.34789336 0 P 0
L 28.98083358 22.6552887 28.98083358 22.8552883 0 P 0
L 28.9909631 23.24789356 28.9909631 23.44789316 0 P 0
L 29.57500054 33.20465546 29.77500014 33.20465546 0 P 0
L 29.67500034 33.10465566 29.67500034 33.30465526 0 P 0
L 29.76233824 22.7552885 29.96233784 22.7552885 0 P 0
L 29.77246776 23.32908974 29.97246736 23.32908974 0 P 0
L 29.86233804 22.6552887 29.86233804 22.8552883 0 P 0
L 29.87246756 23.22908994 29.87246756 23.42908954 0 P 0
L 31.1129807 21.31295966 31.3129803 21.31295966 0 P 0
L 31.2129805 21.21295986 31.2129805 21.41295946 0 P 0
L 32.08083246 21.1157566 32.28083206 21.1157566 0 P 0
L 32.16095168 18.10962342 32.36095128 18.10962342 0 P 0
L 32.18083226 21.0157568 32.18083226 21.2157564 0 P 0
L 32.26095148 18.00962362 32.26095148 18.20962322 0 P 0
L 33.58240172 17.25923142 33.78240132 17.25923142 0 P 0
L 33.68240152 17.15923162 33.68240152 17.35923122 0 P 0
L 33.7208368 21.0655281 33.9208364 21.0655281 0 P 0
L 33.8208366 20.9655283 33.8208366 21.1655279 0 P 0
