UNITS=MM
#Layer_Color=9474304
#
#Feature symbol names
#
$0 r381
$1 r254
$2 r101.6
$3 r199.9996
$4 r406.4
$5 r127
$6 rect4826x2413

#
#Feature attribute names
#

#
#Layer features
#
L 14.12389352 28.54657486 14.12389352 28.80057486 2 P 0
L 14.12389352 28.54657486 14.37789352 28.54657486 2 P 0
L 14.12389352 28.80057486 14.37789352 29.05457486 2 P 0
L 14.12389352 29.30857486 14.12389352 29.56257486 2 P 0
L 14.12389352 29.30857486 14.37789352 29.05457486 2 P 0
L 14.12389352 29.56257486 14.37789352 29.56257486 2 P 0
L 14.33852352 30.8446678 14.33852352 31.0986678 2 P 0
L 14.33852352 30.8446678 14.59252352 30.8446678 2 P 0
L 14.33852352 31.0986678 14.59252352 31.3526678 2 P 0
L 14.33852352 31.6066678 14.33852352 31.8606678 2 P 0
L 14.33852352 31.6066678 14.59252352 31.3526678 2 P 0
L 14.33852352 31.8606678 14.59252352 31.8606678 2 P 0
L 14.37789352 28.54657486 14.63189352 28.80057486 2 P 0
L 14.37789352 29.56257486 14.63189352 29.30857486 2 P 0
L 14.59252352 30.8446678 14.84652352 31.0986678 2 P 0
L 14.59252352 31.8606678 14.84652352 31.6066678 2 P 0
L 14.63189352 28.80057486 14.88589352 28.54657486 2 P 0
L 14.63189352 29.30857486 14.88589352 29.56257486 2 P 0
L 14.84652352 31.0986678 15.10052352 30.8446678 2 P 0
L 14.84652352 31.6066678 15.10052352 31.8606678 2 P 0
L 14.88589352 28.54657486 15.13989352 28.54657486 2 P 0
L 14.88589352 29.05457486 15.13989352 28.80057486 2 P 0
L 14.88589352 29.05457486 15.13989352 29.30857486 2 P 0
L 14.88589352 29.56257486 15.13989352 29.56257486 2 P 0
L 15.10052352 30.8446678 15.35452352 30.8446678 2 P 0
L 15.10052352 31.3526678 15.35452352 31.0986678 2 P 0
L 15.10052352 31.3526678 15.35452352 31.6066678 2 P 0
L 15.10052352 31.8606678 15.35452352 31.8606678 2 P 0
L 15.13989352 28.54657486 15.13989352 28.80057486 2 P 0
L 15.13989352 29.30857486 15.13989352 29.56257486 2 P 0
L 15.35452352 30.8446678 15.35452352 31.0986678 2 P 0
L 15.35452352 31.6066678 15.35452352 31.8606678 2 P 0
L 17.25484738 36.88425948 17.25484738 37.13825948 2 P 0
L 17.25484738 36.88425948 17.50884738 36.88425948 2 P 0
L 17.25484738 37.13825948 17.50884738 37.39225948 2 P 0
L 17.25484738 37.64625948 17.25484738 37.90025948 2 P 0
L 17.25484738 37.64625948 17.50884738 37.39225948 2 P 0
L 17.25484738 37.90025948 17.50884738 37.90025948 2 P 0
L 17.50884738 36.88425948 17.76284738 37.13825948 2 P 0
L 17.50884738 37.90025948 17.76284738 37.64625948 2 P 0
L 17.67763038 37.38877206 17.67763038 37.64277206 2 P 0
L 17.67763038 37.38877206 17.93163038 37.38877206 2 P 0
L 17.67763038 37.64277206 17.93163038 37.89677206 2 P 0
L 17.67763038 38.15077206 17.67763038 38.40477206 2 P 0
L 17.67763038 38.15077206 17.93163038 37.89677206 2 P 0
L 17.67763038 38.40477206 17.93163038 38.40477206 2 P 0
L 17.76284738 37.13825948 18.01684738 36.88425948 2 P 0
L 17.76284738 37.64625948 18.01684738 37.90025948 2 P 0
L 17.83197856 35.85776166 17.83197856 36.11176166 2 P 0
L 17.83197856 35.85776166 18.08597856 35.85776166 2 P 0
L 17.83197856 36.11176166 18.08597856 36.36576166 2 P 0
L 17.83197856 36.61976166 17.83197856 36.87376166 2 P 0
L 17.83197856 36.61976166 18.08597856 36.36576166 2 P 0
L 17.83197856 36.87376166 18.08597856 36.87376166 2 P 0
L 17.93163038 37.38877206 18.18563038 37.64277206 2 P 0
L 17.93163038 38.40477206 18.18563038 38.15077206 2 P 0
L 18.01684738 36.88425948 18.27084738 36.88425948 2 P 0
L 18.01684738 37.39225948 18.27084738 37.13825948 2 P 0
L 18.01684738 37.39225948 18.27084738 37.64625948 2 P 0
L 18.01684738 37.90025948 18.27084738 37.90025948 2 P 0
L 18.08597856 35.85776166 18.33997856 36.11176166 2 P 0
L 18.08597856 36.87376166 18.33997856 36.61976166 2 P 0
L 18.18563038 37.64277206 18.43963038 37.38877206 2 P 0
L 18.18563038 38.15077206 18.43963038 38.40477206 2 P 0
L 18.27084738 36.88425948 18.27084738 37.13825948 2 P 0
L 18.27084738 37.64625948 18.27084738 37.90025948 2 P 0
L 18.33443882 37.3492268 18.33443882 37.6032268 2 P 0
L 18.33443882 37.3492268 18.58843882 37.3492268 2 P 0
L 18.33443882 37.6032268 18.58843882 37.8572268 2 P 0
L 18.33443882 38.1112268 18.33443882 38.3652268 2 P 0
L 18.33443882 38.1112268 18.58843882 37.8572268 2 P 0
L 18.33443882 38.3652268 18.58843882 38.3652268 2 P 0
L 18.33997856 36.11176166 18.59397856 35.85776166 2 P 0
L 18.33997856 36.61976166 18.59397856 36.87376166 2 P 0
L 18.43963038 37.38877206 18.69363038 37.38877206 2 P 0
L 18.43963038 37.89677206 18.69363038 37.64277206 2 P 0
L 18.43963038 37.89677206 18.69363038 38.15077206 2 P 0
L 18.43963038 38.40477206 18.69363038 38.40477206 2 P 0
L 18.58843882 37.3492268 18.84243882 37.6032268 2 P 0
L 18.58843882 38.3652268 18.84243882 38.1112268 2 P 0
L 18.59397856 35.85776166 18.84797856 35.85776166 2 P 0
L 18.59397856 36.36576166 18.84797856 36.11176166 2 P 0
L 18.59397856 36.36576166 18.84797856 36.61976166 2 P 0
L 18.59397856 36.87376166 18.84797856 36.87376166 2 P 0
L 18.69363038 37.38877206 18.69363038 37.64277206 2 P 0
L 18.69363038 38.15077206 18.69363038 38.40477206 2 P 0
L 18.84243882 37.6032268 19.09643882 37.3492268 2 P 0
L 18.84243882 38.1112268 19.09643882 38.3652268 2 P 0
L 18.84797856 35.85776166 18.84797856 36.11176166 2 P 0
L 18.84797856 36.61976166 18.84797856 36.87376166 2 P 0
L 18.85027726 37.76146372 18.85027726 38.01546372 2 P 0
L 18.85027726 37.76146372 19.10427726 37.76146372 2 P 0
L 18.85027726 38.01546372 19.10427726 38.26946372 2 P 0
L 18.85027726 38.52346372 18.85027726 38.77746372 2 P 0
L 18.85027726 38.52346372 19.10427726 38.26946372 2 P 0
L 18.85027726 38.77746372 19.10427726 38.77746372 2 P 0
L 18.89161322 31.12623188 18.89161322 31.38023188 2 P 0
L 18.89161322 31.12623188 19.14561322 31.12623188 2 P 0
L 18.89161322 31.38023188 19.14561322 31.63423188 2 P 0
L 18.89161322 31.88823188 18.89161322 32.14223188 2 P 0
L 18.89161322 31.88823188 19.14561322 31.63423188 2 P 0
L 18.89161322 32.14223188 19.14561322 32.14223188 2 P 0
L 18.92582956 29.86694814 18.92582956 30.12094814 2 P 0
L 18.92582956 29.86694814 19.17982956 29.86694814 2 P 0
L 18.92582956 30.12094814 19.17982956 30.37494814 2 P 0
L 18.92582956 30.62894814 18.92582956 30.88294814 2 P 0
L 18.92582956 30.62894814 19.17982956 30.37494814 2 P 0
L 18.92582956 30.88294814 19.17982956 30.88294814 2 P 0
L 19.09643882 37.3492268 19.35043882 37.3492268 2 P 0
L 19.09643882 37.8572268 19.35043882 37.6032268 2 P 0
L 19.09643882 37.8572268 19.35043882 38.1112268 2 P 0
L 19.09643882 38.3652268 19.35043882 38.3652268 2 P 0
L 19.10427726 37.76146372 19.35827726 38.01546372 2 P 0
L 19.10427726 38.77746372 19.35827726 38.52346372 2 P 0
L 19.14561322 31.12623188 19.39961322 31.38023188 2 P 0
L 19.14561322 32.14223188 19.39961322 31.88823188 2 P 0
L 19.17982956 29.86694814 19.43382956 30.12094814 2 P 0
L 19.17982956 30.88294814 19.43382956 30.62894814 2 P 0
L 19.24299682 27.2769965 19.24299682 27.5309965 2 P 0
L 19.24299682 27.2769965 19.49699682 27.2769965 2 P 0
L 19.24299682 27.5309965 19.49699682 27.7849965 2 P 0
L 19.24299682 28.0389965 19.24299682 28.2929965 2 P 0
L 19.24299682 28.0389965 19.49699682 27.7849965 2 P 0
L 19.24299682 28.2929965 19.49699682 28.2929965 2 P 0
L 19.32995118 37.31104552 19.32995118 37.56504552 2 P 0
L 19.32995118 37.31104552 19.58395118 37.31104552 2 P 0
L 19.32995118 37.56504552 19.58395118 37.81904552 2 P 0
L 19.32995118 38.07304552 19.32995118 38.32704552 2 P 0
L 19.32995118 38.07304552 19.58395118 37.81904552 2 P 0
L 19.32995118 38.32704552 19.58395118 38.32704552 2 P 0
L 19.35043882 37.3492268 19.35043882 37.6032268 2 P 0
L 19.35043882 38.1112268 19.35043882 38.3652268 2 P 0
L 19.35827726 38.01546372 19.61227726 37.76146372 2 P 0
L 19.35827726 38.52346372 19.61227726 38.77746372 2 P 0
L 19.37722566 30.36198144 19.37722566 30.61598144 2 P 0
L 19.37722566 30.36198144 19.63122566 30.36198144 2 P 0
L 19.37722566 30.61598144 19.63122566 30.86998144 2 P 0
L 19.37722566 31.12398144 19.37722566 31.37798144 2 P 0
L 19.37722566 31.12398144 19.63122566 30.86998144 2 P 0
L 19.37722566 31.37798144 19.63122566 31.37798144 2 P 0
L 19.39961322 31.38023188 19.65361322 31.12623188 2 P 0
L 19.39961322 31.88823188 19.65361322 32.14223188 2 P 0
L 19.43382956 30.12094814 19.68782956 29.86694814 2 P 0
L 19.43382956 30.62894814 19.68782956 30.88294814 2 P 0
L 19.49699682 27.2769965 19.75099682 27.5309965 2 P 0
L 19.49699682 28.2929965 19.75099682 28.0389965 2 P 0
L 19.58395118 37.31104552 19.83795118 37.56504552 2 P 0
L 19.58395118 38.32704552 19.83795118 38.07304552 2 P 0
L 19.61227726 37.76146372 19.86627726 37.76146372 2 P 0
L 19.61227726 38.26946372 19.86627726 38.01546372 2 P 0
L 19.61227726 38.26946372 19.86627726 38.52346372 2 P 0
L 19.61227726 38.77746372 19.86627726 38.77746372 2 P 0
L 19.63122566 30.36198144 19.88522566 30.61598144 2 P 0
L 19.63122566 31.37798144 19.88522566 31.12398144 2 P 0
L 19.65361322 31.12623188 19.90761322 31.12623188 2 P 0
L 19.65361322 31.63423188 19.90761322 31.38023188 2 P 0
L 19.65361322 31.63423188 19.90761322 31.88823188 2 P 0
L 19.65361322 32.14223188 19.90761322 32.14223188 2 P 0
L 19.68782956 29.86694814 19.94182956 29.86694814 2 P 0
L 19.68782956 30.37494814 19.94182956 30.12094814 2 P 0
L 19.68782956 30.37494814 19.94182956 30.62894814 2 P 0
L 19.68782956 30.88294814 19.94182956 30.88294814 2 P 0
L 19.75099682 27.5309965 20.00499682 27.2769965 2 P 0
L 19.75099682 28.0389965 20.00499682 28.2929965 2 P 0
L 19.77220074 28.89624904 19.77220074 29.15024904 2 P 0
L 19.77220074 28.89624904 20.02620074 28.89624904 2 P 0
L 19.77220074 29.15024904 20.02620074 29.40424904 2 P 0
L 19.77220074 29.65824904 19.77220074 29.91224904 2 P 0
L 19.77220074 29.65824904 20.02620074 29.40424904 2 P 0
L 19.77220074 29.91224904 20.02620074 29.91224904 2 P 0
L 19.83795118 37.56504552 20.09195118 37.31104552 2 P 0
L 19.83795118 38.07304552 20.09195118 38.32704552 2 P 0
L 19.86627726 37.76146372 19.86627726 38.01546372 2 P 0
L 19.86627726 38.52346372 19.86627726 38.77746372 2 P 0
L 19.88522566 30.61598144 20.13922566 30.36198144 2 P 0
L 19.88522566 31.12398144 20.13922566 31.37798144 2 P 0
L 19.90761322 31.12623188 19.90761322 31.38023188 2 P 0
L 19.90761322 31.88823188 19.90761322 32.14223188 2 P 0
L 19.94182956 29.86694814 19.94182956 30.12094814 2 P 0
L 19.94182956 30.62894814 19.94182956 30.88294814 2 P 0
L 19.98680026 37.34996086 19.98680026 37.60396086 2 P 0
L 19.98680026 37.34996086 20.24080026 37.34996086 2 P 0
L 19.98680026 37.60396086 20.24080026 37.85796086 2 P 0
L 19.98680026 38.11196086 19.98680026 38.36596086 2 P 0
L 19.98680026 38.11196086 20.24080026 37.85796086 2 P 0
L 19.98680026 38.36596086 20.24080026 38.36596086 2 P 0
L 20.00499682 27.2769965 20.25899682 27.2769965 2 P 0
L 20.00499682 27.7849965 20.25899682 27.5309965 2 P 0
L 20.00499682 27.7849965 20.25899682 28.0389965 2 P 0
L 20.00499682 28.2929965 20.25899682 28.2929965 2 P 0
L 20.02620074 28.89624904 20.28020074 29.15024904 2 P 0
L 20.02620074 29.91224904 20.28020074 29.65824904 2 P 0
L 20.09195118 37.31104552 20.34595118 37.31104552 2 P 0
L 20.09195118 37.81904552 20.34595118 37.56504552 2 P 0
L 20.09195118 37.81904552 20.34595118 38.07304552 2 P 0
L 20.09195118 38.32704552 20.34595118 38.32704552 2 P 0
L 20.13922566 30.36198144 20.39322566 30.36198144 2 P 0
L 20.13922566 30.86998144 20.39322566 30.61598144 2 P 0
L 20.13922566 30.86998144 20.39322566 31.12398144 2 P 0
L 20.13922566 31.37798144 20.39322566 31.37798144 2 P 0
L 20.22429788 27.49300064 20.22429788 27.74700064 2 P 0
L 20.22429788 27.49300064 20.47829788 27.49300064 2 P 0
L 20.22429788 27.74700064 20.47829788 28.00100064 2 P 0
L 20.22429788 28.25500064 20.22429788 28.50900064 2 P 0
L 20.22429788 28.25500064 20.47829788 28.00100064 2 P 0
L 20.22429788 28.50900064 20.47829788 28.50900064 2 P 0
L 20.24080026 37.34996086 20.49480026 37.60396086 2 P 0
L 20.24080026 38.36596086 20.49480026 38.11196086 2 P 0
L 20.25899682 27.2769965 20.25899682 27.5309965 2 P 0
L 20.25899682 28.0389965 20.25899682 28.2929965 2 P 0
L 20.26700036 29.9123989 20.26700036 30.1663989 2 P 0
L 20.26700036 29.9123989 20.52100036 29.9123989 2 P 0
L 20.26700036 30.1663989 20.52100036 30.4203989 2 P 0
L 20.26700036 30.6743989 20.26700036 30.9283989 2 P 0
L 20.26700036 30.6743989 20.52100036 30.4203989 2 P 0
L 20.26700036 30.9283989 20.52100036 30.9283989 2 P 0
L 20.28020074 29.15024904 20.53420074 28.89624904 2 P 0
L 20.28020074 29.65824904 20.53420074 29.91224904 2 P 0
L 20.2803506 31.46434144 20.2803506 31.71834144 2 P 0
L 20.2803506 31.46434144 20.5343506 31.46434144 2 P 0
L 20.2803506 31.71834144 20.5343506 31.97234144 2 P 0
L 20.2803506 32.22634144 20.2803506 32.48034144 2 P 0
L 20.2803506 32.22634144 20.5343506 31.97234144 2 P 0
L 20.2803506 32.48034144 20.5343506 32.48034144 2 P 0
L 20.34595118 37.31104552 20.34595118 37.56504552 2 P 0
L 20.34595118 38.07304552 20.34595118 38.32704552 2 P 0
L 20.39322566 30.36198144 20.39322566 30.61598144 2 P 0
L 20.39322566 31.12398144 20.39322566 31.37798144 2 P 0
L 20.47829788 27.49300064 20.73229788 27.74700064 2 P 0
L 20.47829788 28.50900064 20.73229788 28.25500064 2 P 0
L 20.49480026 37.60396086 20.74880026 37.34996086 2 P 0
L 20.49480026 38.11196086 20.74880026 38.36596086 2 P 0
L 20.52100036 29.9123989 20.77500036 30.1663989 2 P 0
L 20.52100036 30.9283989 20.77500036 30.6743989 2 P 0
L 20.53420074 28.89624904 20.78820074 28.89624904 2 P 0
L 20.53420074 29.40424904 20.78820074 29.15024904 2 P 0
L 20.53420074 29.40424904 20.78820074 29.65824904 2 P 0
L 20.53420074 29.91224904 20.78820074 29.91224904 2 P 0
L 20.5343506 31.46434144 20.7883506 31.71834144 2 P 0
L 20.5343506 32.48034144 20.7883506 32.22634144 2 P 0
L 20.70859968 32.6491854 20.70859968 32.9031854 2 P 0
L 20.70859968 32.6491854 20.96259968 32.6491854 2 P 0
L 20.70859968 32.9031854 20.96259968 33.1571854 2 P 0
L 20.70859968 33.4111854 20.70859968 33.6651854 2 P 0
L 20.70859968 33.4111854 20.96259968 33.1571854 2 P 0
L 20.70859968 33.6651854 20.96259968 33.6651854 2 P 0
L 20.73229788 27.74700064 20.98629788 27.49300064 2 P 0
L 20.73229788 28.25500064 20.98629788 28.50900064 2 P 0
L 20.74880026 37.34996086 21.00280026 37.34996086 2 P 0
L 20.74880026 37.85796086 21.00280026 37.60396086 2 P 0
L 20.74880026 37.85796086 21.00280026 38.11196086 2 P 0
L 20.74880026 38.36596086 21.00280026 38.36596086 2 P 0
L 20.7605503 36.18967616 20.7605503 36.44367616 2 P 0
L 20.7605503 36.18967616 21.0145503 36.18967616 2 P 0
L 20.7605503 36.44367616 21.0145503 36.69767616 2 P 0
L 20.7605503 36.95167616 20.7605503 37.20567616 2 P 0
L 20.7605503 36.95167616 21.0145503 36.69767616 2 P 0
L 20.7605503 37.20567616 21.0145503 37.20567616 2 P 0
L 20.77500036 30.1663989 21.02900036 29.9123989 2 P 0
L 20.77500036 30.6743989 21.02900036 30.9283989 2 P 0
L 20.78820074 28.89624904 20.78820074 29.15024904 2 P 0
L 20.78820074 29.65824904 20.78820074 29.91224904 2 P 0
L 20.7883506 31.71834144 21.0423506 31.46434144 2 P 0
L 20.7883506 32.22634144 21.0423506 32.48034144 2 P 0
L 20.96259968 32.6491854 21.21659968 32.9031854 2 P 0
L 20.96259968 33.6651854 21.21659968 33.4111854 2 P 0
L 20.9753454 28.5142559 20.9753454 28.7682559 2 P 0
L 20.9753454 28.5142559 21.2293454 28.5142559 2 P 0
L 20.9753454 28.7682559 21.2293454 29.0222559 2 P 0
L 20.9753454 29.2762559 20.9753454 29.5302559 2 P 0
L 20.9753454 29.2762559 21.2293454 29.0222559 2 P 0
L 20.9753454 29.5302559 21.2293454 29.5302559 2 P 0
L 20.98629788 27.49300064 21.24029788 27.49300064 2 P 0
L 20.98629788 28.00100064 21.24029788 27.74700064 2 P 0
L 20.98629788 28.00100064 21.24029788 28.25500064 2 P 0
L 20.98629788 28.50900064 21.24029788 28.50900064 2 P 0
L 21.00280026 37.34996086 21.00280026 37.60396086 2 P 0
L 21.00280026 38.11196086 21.00280026 38.36596086 2 P 0
L 21.0145503 36.18967616 21.2685503 36.44367616 2 P 0
L 21.0145503 37.20567616 21.2685503 36.95167616 2 P 0
L 21.02900036 29.9123989 21.28300036 29.9123989 2 P 0
L 21.02900036 30.4203989 21.28300036 30.1663989 2 P 0
L 21.02900036 30.4203989 21.28300036 30.6743989 2 P 0
L 21.02900036 30.9283989 21.28300036 30.9283989 2 P 0
L 21.0423506 31.46434144 21.2963506 31.46434144 2 P 0
L 21.0423506 31.97234144 21.2963506 31.71834144 2 P 0
L 21.0423506 31.97234144 21.2963506 32.22634144 2 P 0
L 21.0423506 32.48034144 21.2963506 32.48034144 2 P 0
L 21.21659968 32.9031854 21.47059968 32.6491854 2 P 0
L 21.21659968 33.4111854 21.47059968 33.6651854 2 P 0
L 21.2293454 28.5142559 21.4833454 28.7682559 2 P 0
L 21.2293454 29.5302559 21.4833454 29.2762559 2 P 0
L 21.24029788 27.49300064 21.24029788 27.74700064 2 P 0
L 21.24029788 28.25500064 21.24029788 28.50900064 2 P 0
L 21.2685503 36.44367616 21.5225503 36.18967616 2 P 0
L 21.2685503 36.95167616 21.5225503 37.20567616 2 P 0
L 21.28300036 29.9123989 21.28300036 30.1663989 2 P 0
L 21.28300036 30.6743989 21.28300036 30.9283989 2 P 0
L 21.2963506 31.46434144 21.2963506 31.71834144 2 P 0
L 21.2963506 32.22634144 21.2963506 32.48034144 2 P 0
L 21.44959896 33.41350442 21.44959896 33.66750442 2 P 0
L 21.44959896 33.41350442 21.70359896 33.41350442 2 P 0
L 21.44959896 33.66750442 21.70359896 33.92150442 2 P 0
L 21.44959896 34.17550442 21.44959896 34.42950442 2 P 0
L 21.44959896 34.17550442 21.70359896 33.92150442 2 P 0
L 21.44959896 34.42950442 21.70359896 34.42950442 2 P 0
L 21.47059968 32.6491854 21.72459968 32.6491854 2 P 0
L 21.47059968 33.1571854 21.72459968 32.9031854 2 P 0
L 21.47059968 33.1571854 21.72459968 33.4111854 2 P 0
L 21.47059968 33.6651854 21.72459968 33.6651854 2 P 0
L 21.4833454 28.7682559 21.7373454 28.5142559 2 P 0
L 21.4833454 29.2762559 21.7373454 29.5302559 2 P 0
L 21.49200172 28.9624008 21.49200172 29.2164008 2 P 0
L 21.49200172 28.9624008 21.74600172 28.9624008 2 P 0
L 21.49200172 29.2164008 21.74600172 29.4704008 2 P 0
L 21.49200172 29.7244008 21.49200172 29.9784008 2 P 0
L 21.49200172 29.7244008 21.74600172 29.4704008 2 P 0
L 21.49200172 29.9784008 21.74600172 29.9784008 2 P 0
L 21.5225503 36.18967616 21.7765503 36.18967616 2 P 0
L 21.5225503 36.69767616 21.7765503 36.44367616 2 P 0
L 21.5225503 36.69767616 21.7765503 36.95167616 2 P 0
L 21.5225503 37.20567616 21.7765503 37.20567616 2 P 0
L 21.57131576 30.15925642 21.57131576 30.41325642 2 P 0
L 21.57131576 30.15925642 21.82531576 30.15925642 2 P 0
L 21.57131576 30.41325642 21.82531576 30.66725642 2 P 0
L 21.57131576 30.92125642 21.57131576 31.17525642 2 P 0
L 21.57131576 30.92125642 21.82531576 30.66725642 2 P 0
L 21.57131576 31.17525642 21.82531576 31.17525642 2 P 0
L 21.66760462 27.61639384 21.66760462 27.87039384 2 P 0
L 21.66760462 27.61639384 21.92160462 27.61639384 2 P 0
L 21.66760462 27.87039384 21.92160462 28.12439384 2 P 0
L 21.66760462 28.37839384 21.66760462 28.63239384 2 P 0
L 21.66760462 28.37839384 21.92160462 28.12439384 2 P 0
L 21.66760462 28.63239384 21.92160462 28.63239384 2 P 0
L 21.70359896 33.41350442 21.95759896 33.66750442 2 P 0
L 21.70359896 34.42950442 21.95759896 34.17550442 2 P 0
L 21.72459968 32.6491854 21.72459968 32.9031854 2 P 0
L 21.72459968 33.4111854 21.72459968 33.6651854 2 P 0
L 21.7373454 28.5142559 21.9913454 28.5142559 2 P 0
L 21.7373454 29.0222559 21.9913454 28.7682559 2 P 0
L 21.7373454 29.0222559 21.9913454 29.2762559 2 P 0
L 21.7373454 29.5302559 21.9913454 29.5302559 2 P 0
L 21.74600172 28.9624008 22.00000172 29.2164008 2 P 0
L 21.74600172 29.9784008 22.00000172 29.7244008 2 P 0
L 21.7765503 36.18967616 21.7765503 36.44367616 2 P 0
L 21.7765503 36.95167616 21.7765503 37.20567616 2 P 0
L 21.82531576 30.15925642 22.07931576 30.41325642 2 P 0
L 21.82531576 31.17525642 22.07931576 30.92125642 2 P 0
L 21.90762446 32.67377514 21.90762446 32.92777514 2 P 0
L 21.90762446 32.67377514 22.16162446 32.67377514 2 P 0
L 21.90762446 32.92777514 22.16162446 33.18177514 2 P 0
L 21.90762446 33.43577514 21.90762446 33.68977514 2 P 0
L 21.90762446 33.43577514 22.16162446 33.18177514 2 P 0
L 21.90762446 33.68977514 22.16162446 33.68977514 2 P 0
L 21.92160462 27.61639384 22.17560462 27.87039384 2 P 0
L 21.92160462 28.63239384 22.17560462 28.37839384 2 P 0
L 21.95759896 33.66750442 22.21159896 33.41350442 2 P 0
L 21.95759896 34.17550442 22.21159896 34.42950442 2 P 0
L 21.9913454 28.5142559 21.9913454 28.7682559 2 P 0
L 21.9913454 29.2762559 21.9913454 29.5302559 2 P 0
L 22.00000172 29.2164008 22.25400172 28.9624008 2 P 0
L 22.00000172 29.7244008 22.25400172 29.9784008 2 P 0
L 22.07931576 30.41325642 22.33331576 30.15925642 2 P 0
L 22.07931576 30.92125642 22.33331576 31.17525642 2 P 0
L 22.14112158 29.07012728 22.14112158 29.32412728 2 P 0
L 22.14112158 29.07012728 22.39512158 29.07012728 2 P 0
L 22.14112158 29.32412728 22.39512158 29.57812728 2 P 0
L 22.14112158 29.83212728 22.14112158 30.08612728 2 P 0
L 22.14112158 29.83212728 22.39512158 29.57812728 2 P 0
L 22.14112158 30.08612728 22.39512158 30.08612728 2 P 0
L 22.16162446 32.67377514 22.41562446 32.92777514 2 P 0
L 22.16162446 33.68977514 22.41562446 33.43577514 2 P 0
L 22.16416954 28.24324298 22.16416954 28.49724298 2 P 0
L 22.16416954 28.24324298 22.41816954 28.24324298 2 P 0
L 22.16416954 28.49724298 22.41816954 28.75124298 2 P 0
L 22.16416954 29.00524298 22.16416954 29.25924298 2 P 0
L 22.16416954 29.00524298 22.41816954 28.75124298 2 P 0
L 22.16416954 29.25924298 22.41816954 29.25924298 2 P 0
L 22.17560462 27.87039384 22.42960462 27.61639384 2 P 0
L 22.17560462 28.37839384 22.42960462 28.63239384 2 P 0
L 22.20698632 26.23179158 22.20698632 26.48579158 2 P 0
L 22.20698632 26.23179158 22.46098632 26.23179158 2 P 0
L 22.20698632 26.48579158 22.46098632 26.73979158 2 P 0
L 22.20698632 26.99379158 22.20698632 27.24779158 2 P 0
L 22.20698632 26.99379158 22.46098632 26.73979158 2 P 0
L 22.20698632 27.24779158 22.46098632 27.24779158 2 P 0
L 22.21159896 33.41350442 22.46559896 33.41350442 2 P 0
L 22.21159896 33.92150442 22.46559896 33.66750442 2 P 0
L 22.21159896 33.92150442 22.46559896 34.17550442 2 P 0
L 22.21159896 34.42950442 22.46559896 34.42950442 2 P 0
L 22.25400172 28.9624008 22.50800172 28.9624008 2 P 0
L 22.25400172 29.4704008 22.50800172 29.2164008 2 P 0
L 22.25400172 29.4704008 22.50800172 29.7244008 2 P 0
L 22.25400172 29.9784008 22.50800172 29.9784008 2 P 0
L 22.33331576 30.15925642 22.58731576 30.15925642 2 P 0
L 22.33331576 30.66725642 22.58731576 30.41325642 2 P 0
L 22.33331576 30.66725642 22.58731576 30.92125642 2 P 0
L 22.33331576 31.17525642 22.58731576 31.17525642 2 P 0
L 22.34639676 23.99773712 22.34639676 24.25173712 2 P 0
L 22.34639676 23.99773712 22.60039676 23.99773712 2 P 0
L 22.34639676 24.25173712 22.60039676 24.50573712 2 P 0
L 22.34639676 24.75973712 22.34639676 25.01373712 2 P 0
L 22.34639676 24.75973712 22.60039676 24.50573712 2 P 0
L 22.34639676 25.01373712 22.60039676 25.01373712 2 P 0
L 22.37881732 25.59662394 22.37881732 25.85062394 2 P 0
L 22.37881732 25.59662394 22.63281732 25.59662394 2 P 0
L 22.37881732 25.85062394 22.63281732 26.10462394 2 P 0
L 22.37881732 26.35862394 22.37881732 26.61262394 2 P 0
L 22.37881732 26.35862394 22.63281732 26.10462394 2 P 0
L 22.37881732 26.61262394 22.63281732 26.61262394 2 P 0
L 22.39512158 29.07012728 22.64912158 29.32412728 2 P 0
L 22.39512158 30.08612728 22.64912158 29.83212728 2 P 0
L 22.41562446 32.92777514 22.66962446 32.67377514 2 P 0
L 22.41562446 33.43577514 22.66962446 33.68977514 2 P 0
L 22.41816954 28.24324298 22.67216954 28.49724298 2 P 0
L 22.41816954 29.25924298 22.67216954 29.00524298 2 P 0
L 22.42960462 27.61639384 22.68360462 27.61639384 2 P 0
L 22.42960462 28.12439384 22.68360462 27.87039384 2 P 0
L 22.42960462 28.12439384 22.68360462 28.37839384 2 P 0
L 22.42960462 28.63239384 22.68360462 28.63239384 2 P 0
L 22.46098632 26.23179158 22.71498632 26.48579158 2 P 0
L 22.46098632 27.24779158 22.71498632 26.99379158 2 P 0
L 22.46559896 33.41350442 22.46559896 33.66750442 2 P 0
L 22.46559896 34.17550442 22.46559896 34.42950442 2 P 0
L 22.50800172 28.9624008 22.50800172 29.2164008 2 P 0
L 22.50800172 29.7244008 22.50800172 29.9784008 2 P 0
L 22.58731576 30.15925642 22.58731576 30.41325642 2 P 0
L 22.58731576 30.92125642 22.58731576 31.17525642 2 P 0
L 22.60039676 23.99773712 22.85439676 24.25173712 2 P 0
L 22.60039676 25.01373712 22.85439676 24.75973712 2 P 0
L 22.63281732 25.59662394 22.88681732 25.85062394 2 P 0
L 22.63281732 26.61262394 22.88681732 26.35862394 2 P 0
L 22.64912158 29.32412728 22.90312158 29.07012728 2 P 0
L 22.64912158 29.83212728 22.90312158 30.08612728 2 P 0
L 22.66962446 32.67377514 22.92362446 32.67377514 2 P 0
L 22.66962446 33.18177514 22.92362446 32.92777514 2 P 0
L 22.66962446 33.18177514 22.92362446 33.43577514 2 P 0
L 22.66962446 33.68977514 22.92362446 33.68977514 2 P 0
L 22.67216954 28.49724298 22.92616954 28.24324298 2 P 0
L 22.67216954 29.00524298 22.92616954 29.25924298 2 P 0
L 22.68360462 27.61639384 22.68360462 27.87039384 2 P 0
L 22.68360462 28.37839384 22.68360462 28.63239384 2 P 0
L 22.71498632 26.48579158 22.96898632 26.23179158 2 P 0
L 22.71498632 26.99379158 22.96898632 27.24779158 2 P 0
L 22.75994432 31.96054822 22.75994432 32.21454822 2 P 0
L 22.75994432 31.96054822 23.01394432 31.96054822 2 P 0
L 22.75994432 32.21454822 23.01394432 32.46854822 2 P 0
L 22.75994432 32.72254822 22.75994432 32.97654822 2 P 0
L 22.75994432 32.72254822 23.01394432 32.46854822 2 P 0
L 22.75994432 32.97654822 23.01394432 32.97654822 2 P 0
L 22.81394472 29.32162284 22.81394472 29.57562284 2 P 0
L 22.81394472 29.32162284 23.06794472 29.32162284 2 P 0
L 22.81394472 29.57562284 23.06794472 29.82962284 2 P 0
L 22.81394472 30.08362284 22.81394472 30.33762284 2 P 0
L 22.81394472 30.08362284 23.06794472 29.82962284 2 P 0
L 22.81394472 30.33762284 23.06794472 30.33762284 2 P 0
L 22.8280849 36.59199946 22.8280849 36.84599946 2 P 0
L 22.8280849 36.59199946 23.0820849 36.59199946 2 P 0
L 22.8280849 36.84599946 23.0820849 37.09999946 2 P 0
L 22.8280849 37.35399946 22.8280849 37.60799946 2 P 0
L 22.8280849 37.35399946 23.0820849 37.09999946 2 P 0
L 22.8280849 37.60799946 23.0820849 37.60799946 2 P 0
L 22.85439676 24.25173712 23.10839676 23.99773712 2 P 0
L 22.85439676 24.75973712 23.10839676 25.01373712 2 P 0
L 22.88681732 25.85062394 23.14081732 25.59662394 2 P 0
L 22.88681732 26.35862394 23.14081732 26.61262394 2 P 0
L 22.90312158 29.07012728 23.15712158 29.07012728 2 P 0
L 22.90312158 29.57812728 23.15712158 29.32412728 2 P 0
L 22.90312158 29.57812728 23.15712158 29.83212728 2 P 0
L 22.90312158 30.08612728 23.15712158 30.08612728 2 P 0
L 22.92362446 32.67377514 22.92362446 32.92777514 2 P 0
L 22.92362446 33.43577514 22.92362446 33.68977514 2 P 0
L 22.92616954 28.24324298 23.18016954 28.24324298 2 P 0
L 22.92616954 28.75124298 23.18016954 28.49724298 2 P 0
L 22.92616954 28.75124298 23.18016954 29.00524298 2 P 0
L 22.92616954 29.25924298 23.18016954 29.25924298 2 P 0
L 22.96898632 26.23179158 23.22298632 26.23179158 2 P 0
L 22.96898632 26.73979158 23.22298632 26.48579158 2 P 0
L 22.96898632 26.73979158 23.22298632 26.99379158 2 P 0
L 22.96898632 27.24779158 23.22298632 27.24779158 2 P 0
L 23.0007414 24.06700038 23.0007414 24.32100038 2 P 0
L 23.0007414 24.06700038 23.2547414 24.06700038 2 P 0
L 23.0007414 24.32100038 23.2547414 24.57500038 2 P 0
L 23.0007414 24.82900038 23.0007414 25.08300038 2 P 0
L 23.0007414 24.82900038 23.2547414 24.57500038 2 P 0
L 23.0007414 25.08300038 23.2547414 25.08300038 2 P 0
L 23.01394432 31.96054822 23.26794432 32.21454822 2 P 0
L 23.01394432 32.97654822 23.26794432 32.72254822 2 P 0
L 23.06794472 29.32162284 23.32194472 29.57562284 2 P 0
L 23.06794472 30.33762284 23.32194472 30.08362284 2 P 0
L 23.0820849 36.59199946 23.3360849 36.84599946 2 P 0
L 23.0820849 37.60799946 23.3360849 37.35399946 2 P 0
L 23.10839676 23.99773712 23.36239676 23.99773712 2 P 0
L 23.10839676 24.50573712 23.36239676 24.25173712 2 P 0
L 23.10839676 24.50573712 23.36239676 24.75973712 2 P 0
L 23.10839676 25.01373712 23.36239676 25.01373712 2 P 0
L 23.14081732 25.59662394 23.39481732 25.59662394 2 P 0
L 23.14081732 26.10462394 23.39481732 25.85062394 2 P 0
L 23.14081732 26.10462394 23.39481732 26.35862394 2 P 0
L 23.14081732 26.61262394 23.39481732 26.61262394 2 P 0
L 23.14200096 27.27199778 23.14200096 27.52599778 2 P 0
L 23.14200096 27.27199778 23.39600096 27.27199778 2 P 0
L 23.14200096 27.52599778 23.39600096 27.77999778 2 P 0
L 23.14200096 27.92199902 23.14200096 28.17599902 2 P 0
L 23.14200096 27.92199902 23.39600096 27.92199902 2 P 0
L 23.14200096 28.03399778 23.14200096 28.28799778 2 P 0
L 23.14200096 28.03399778 23.39600096 27.77999778 2 P 0
L 23.14200096 28.17599902 23.39600096 28.42999902 2 P 0
L 23.14200096 28.28799778 23.39600096 28.28799778 2 P 0
L 23.14200096 28.68399902 23.14200096 28.93799902 2 P 0
L 23.14200096 28.68399902 23.39600096 28.42999902 2 P 0
L 23.14200096 28.93799902 23.39600096 28.93799902 2 P 0
L 23.15712158 29.07012728 23.15712158 29.32412728 2 P 0
L 23.15712158 29.83212728 23.15712158 30.08612728 2 P 0
L 23.18016954 28.24324298 23.18016954 28.49724298 2 P 0
L 23.18016954 29.00524298 23.18016954 29.25924298 2 P 0
L 23.22298632 26.23179158 23.22298632 26.48579158 2 P 0
L 23.22298632 26.99379158 23.22298632 27.24779158 2 P 0
L 23.2547414 24.06700038 23.5087414 24.32100038 2 P 0
L 23.2547414 25.08300038 23.5087414 24.82900038 2 P 0
L 23.26794432 32.21454822 23.52194432 31.96054822 2 P 0
L 23.26794432 32.72254822 23.52194432 32.97654822 2 P 0
L 23.32194472 29.57562284 23.57594472 29.32162284 2 P 0
L 23.32194472 30.08362284 23.57594472 30.33762284 2 P 0
L 23.3360849 36.84599946 23.5900849 36.59199946 2 P 0
L 23.3360849 37.35399946 23.5900849 37.60799946 2 P 0
L 23.36239676 23.99773712 23.36239676 24.25173712 2 P 0
L 23.36239676 24.75973712 23.36239676 25.01373712 2 P 0
L 23.39481732 25.59662394 23.39481732 25.85062394 2 P 0
L 23.39481732 26.35862394 23.39481732 26.61262394 2 P 0
L 23.39600096 27.27199778 23.65000096 27.52599778 2 P 0
L 23.39600096 27.92199902 23.65000096 28.17599902 2 P 0
L 23.39600096 28.28799778 23.65000096 28.03399778 2 P 0
L 23.39600096 28.93799902 23.65000096 28.68399902 2 P 0
L 23.41816754 25.84908724 23.41816754 26.10308724 2 P 0
L 23.41816754 25.84908724 23.67216754 25.84908724 2 P 0
L 23.41816754 26.10308724 23.67216754 26.35708724 2 P 0
L 23.41816754 26.61108724 23.41816754 26.86508724 2 P 0
L 23.41816754 26.61108724 23.67216754 26.35708724 2 P 0
L 23.41816754 26.86508724 23.67216754 26.86508724 2 P 0
L 23.42818784 29.61384476 23.42818784 29.86784476 2 P 0
L 23.42818784 29.61384476 23.68218784 29.61384476 2 P 0
L 23.42818784 29.86784476 23.68218784 30.12184476 2 P 0
L 23.42818784 30.37584476 23.42818784 30.62984476 2 P 0
L 23.42818784 30.37584476 23.68218784 30.12184476 2 P 0
L 23.42818784 30.62984476 23.68218784 30.62984476 2 P 0
L 23.5087414 24.32100038 23.7627414 24.06700038 2 P 0
L 23.5087414 24.82900038 23.7627414 25.08300038 2 P 0
L 23.52194432 31.96054822 23.77594432 31.96054822 2 P 0
L 23.52194432 32.46854822 23.77594432 32.21454822 2 P 0
L 23.52194432 32.46854822 23.77594432 32.72254822 2 P 0
L 23.52194432 32.97654822 23.77594432 32.97654822 2 P 0
L 23.57594472 29.32162284 23.82994472 29.32162284 2 P 0
L 23.57594472 29.82962284 23.82994472 29.57562284 2 P 0
L 23.57594472 29.82962284 23.82994472 30.08362284 2 P 0
L 23.57594472 30.33762284 23.82994472 30.33762284 2 P 0
L 23.5777786 24.3832126 23.5777786 24.6372126 2 P 0
L 23.5777786 24.3832126 23.8317786 24.3832126 2 P 0
L 23.5777786 24.6372126 23.8317786 24.8912126 2 P 0
L 23.5777786 25.1452126 23.5777786 25.3992126 2 P 0
L 23.5777786 25.1452126 23.8317786 24.8912126 2 P 0
L 23.5777786 25.3992126 23.8317786 25.3992126 2 P 0
L 23.5900849 36.59199946 23.8440849 36.59199946 2 P 0
L 23.5900849 37.09999946 23.8440849 36.84599946 2 P 0
L 23.5900849 37.09999946 23.8440849 37.35399946 2 P 0
L 23.5900849 37.60799946 23.8440849 37.60799946 2 P 0
L 23.65000096 27.52599778 23.90400096 27.27199778 2 P 0
L 23.65000096 28.03399778 23.90400096 28.28799778 2 P 0
L 23.65000096 28.17599902 23.90400096 27.92199902 2 P 0
L 23.65000096 28.68399902 23.90400096 28.93799902 2 P 0
L 23.67216754 25.84908724 23.92616754 26.10308724 2 P 0
L 23.67216754 26.86508724 23.92616754 26.61108724 2 P 0
L 23.68218784 29.61384476 23.93618784 29.86784476 2 P 0
L 23.68218784 30.62984476 23.93618784 30.37584476 2 P 0
L 23.7627414 24.06700038 24.0167414 24.06700038 2 P 0
L 23.7627414 24.57500038 24.0167414 24.32100038 2 P 0
L 23.7627414 24.57500038 24.0167414 24.82900038 2 P 0
L 23.7627414 25.08300038 24.0167414 25.08300038 2 P 0
L 23.77594432 31.96054822 23.77594432 32.21454822 2 P 0
L 23.77594432 32.72254822 23.77594432 32.97654822 2 P 0
L 23.82994472 29.32162284 23.82994472 29.57562284 2 P 0
L 23.82994472 30.08362284 23.82994472 30.33762284 2 P 0
L 23.8317786 24.3832126 24.0857786 24.6372126 2 P 0
L 23.8317786 25.3992126 24.0857786 25.1452126 2 P 0
L 23.84318828 31.86392916 23.84318828 32.11792916 2 P 0
L 23.84318828 31.86392916 24.09718828 31.86392916 2 P 0
L 23.84318828 32.11792916 24.09718828 32.37192916 2 P 0
L 23.84318828 32.62592916 23.84318828 32.87992916 2 P 0
L 23.84318828 32.62592916 24.09718828 32.37192916 2 P 0
L 23.84318828 32.87992916 24.09718828 32.87992916 2 P 0
L 23.8440849 36.59199946 23.8440849 36.84599946 2 P 0
L 23.8440849 37.35399946 23.8440849 37.60799946 2 P 0
L 23.90400096 27.27199778 24.15800096 27.27199778 2 P 0
L 23.90400096 27.77999778 24.15800096 27.52599778 2 P 0
L 23.90400096 27.77999778 24.15800096 28.03399778 2 P 0
L 23.90400096 27.92199902 24.15800096 27.92199902 2 P 0
L 23.90400096 28.28799778 24.15800096 28.28799778 2 P 0
L 23.90400096 28.42999902 24.15800096 28.17599902 2 P 0
L 23.90400096 28.42999902 24.15800096 28.68399902 2 P 0
L 23.90400096 28.93799902 24.15800096 28.93799902 2 P 0
L 23.92616754 26.10308724 24.18016754 25.84908724 2 P 0
L 23.92616754 26.61108724 24.18016754 26.86508724 2 P 0
L 23.93370372 32.74401884 23.93370372 32.99801884 2 P 0
L 23.93370372 32.74401884 24.18770372 32.74401884 2 P 0
L 23.93370372 32.99801884 24.18770372 33.25201884 2 P 0
L 23.93370372 33.50601884 23.93370372 33.76001884 2 P 0
L 23.93370372 33.50601884 24.18770372 33.25201884 2 P 0
L 23.93370372 33.76001884 24.18770372 33.76001884 2 P 0
L 23.93618784 29.86784476 24.19018784 29.61384476 2 P 0
L 23.93618784 30.37584476 24.19018784 30.62984476 2 P 0
L 24.0167414 24.06700038 24.0167414 24.32100038 2 P 0
L 24.0167414 24.82900038 24.0167414 25.08300038 2 P 0
L 24.0857786 24.6372126 24.3397786 24.3832126 2 P 0
L 24.0857786 25.1452126 24.3397786 25.3992126 2 P 0
L 24.09718828 31.86392916 24.35118828 32.11792916 2 P 0
L 24.09718828 32.87992916 24.35118828 32.62592916 2 P 0
L 24.14048004 28.75240376 24.14048004 29.00640376 2 P 0
L 24.14048004 28.75240376 24.39448004 28.75240376 2 P 0
L 24.14048004 29.00640376 24.39448004 29.26040376 2 P 0
L 24.14048004 29.51440376 24.14048004 29.76840376 2 P 0
L 24.14048004 29.51440376 24.39448004 29.26040376 2 P 0
L 24.14048004 29.76840376 24.39448004 29.76840376 2 P 0
L 24.15800096 27.27199778 24.15800096 27.52599778 2 P 0
L 24.15800096 27.92199902 24.15800096 28.17599902 2 P 0
L 24.15800096 28.03399778 24.15800096 28.28799778 2 P 0
L 24.15800096 28.68399902 24.15800096 28.93799902 2 P 0
L 24.1683794 30.38781832 24.1683794 30.64181832 2 P 0
L 24.1683794 30.38781832 24.4223794 30.38781832 2 P 0
L 24.1683794 30.64181832 24.4223794 30.89581832 2 P 0
L 24.1683794 31.14981832 24.1683794 31.40381832 2 P 0
L 24.1683794 31.14981832 24.4223794 30.89581832 2 P 0
L 24.1683794 31.40381832 24.4223794 31.40381832 2 P 0
L 24.18016754 25.84908724 24.43416754 25.84908724 2 P 0
L 24.18016754 26.35708724 24.43416754 26.10308724 2 P 0
L 24.18016754 26.35708724 24.43416754 26.61108724 2 P 0
L 24.18016754 26.86508724 24.43416754 26.86508724 2 P 0
L 24.18770372 32.74401884 24.44170372 32.99801884 2 P 0
L 24.18770372 33.76001884 24.44170372 33.50601884 2 P 0
L 24.19018784 29.61384476 24.44418784 29.61384476 2 P 0
L 24.19018784 30.12184476 24.44418784 29.86784476 2 P 0
L 24.19018784 30.12184476 24.44418784 30.37584476 2 P 0
L 24.19018784 30.62984476 24.44418784 30.62984476 2 P 0
L 24.3397786 24.3832126 24.5937786 24.3832126 2 P 0
L 24.3397786 24.8912126 24.5937786 24.6372126 2 P 0
L 24.3397786 24.8912126 24.5937786 25.1452126 2 P 0
L 24.3397786 25.3992126 24.5937786 25.3992126 2 P 0
L 24.35118828 32.11792916 24.60518828 31.86392916 2 P 0
L 24.35118828 32.62592916 24.60518828 32.87992916 2 P 0
L 24.39448004 28.75240376 24.64848004 29.00640376 2 P 0
L 24.39448004 29.76840376 24.64848004 29.51440376 2 P 0
L 24.4223794 30.38781832 24.6763794 30.64181832 2 P 0
L 24.4223794 31.40381832 24.6763794 31.14981832 2 P 0
L 24.43416754 25.84908724 24.43416754 26.10308724 2 P 0
L 24.43416754 26.61108724 24.43416754 26.86508724 2 P 0
L 24.44170372 32.99801884 24.69570372 32.74401884 2 P 0
L 24.44170372 33.50601884 24.69570372 33.76001884 2 P 0
L 24.44418784 29.61384476 24.44418784 29.86784476 2 P 0
L 24.44418784 30.37584476 24.44418784 30.62984476 2 P 0
L 24.5937786 24.3832126 24.5937786 24.6372126 2 P 0
L 24.5937786 25.1452126 24.5937786 25.3992126 2 P 0
L 24.60518828 31.86392916 24.85918828 31.86392916 2 P 0
L 24.60518828 32.37192916 24.85918828 32.11792916 2 P 0
L 24.60518828 32.37192916 24.85918828 32.62592916 2 P 0
L 24.60518828 32.87992916 24.85918828 32.87992916 2 P 0
L 24.64848004 29.00640376 24.90248004 28.75240376 2 P 0
L 24.64848004 29.51440376 24.90248004 29.76840376 2 P 0
L 24.6763794 30.64181832 24.9303794 30.38781832 2 P 0
L 24.6763794 31.14981832 24.9303794 31.40381832 2 P 0
L 24.69570372 32.74401884 24.94970372 32.74401884 2 P 0
L 24.69570372 33.25201884 24.94970372 32.99801884 2 P 0
L 24.69570372 33.25201884 24.94970372 33.50601884 2 P 0
L 24.69570372 33.76001884 24.94970372 33.76001884 2 P 0
L 24.7555258 26.480389 24.7555258 26.734389 2 P 0
L 24.7555258 26.480389 25.0095258 26.480389 2 P 0
L 24.7555258 26.734389 25.0095258 26.988389 2 P 0
L 24.7555258 27.242389 24.7555258 27.496389 2 P 0
L 24.7555258 27.242389 25.0095258 26.988389 2 P 0
L 24.7555258 27.496389 25.0095258 27.496389 2 P 0
L 24.85918828 31.86392916 24.85918828 32.11792916 2 P 0
L 24.85918828 32.62592916 24.85918828 32.87992916 2 P 0
L 24.90248004 28.75240376 25.15648004 28.75240376 2 P 0
L 24.90248004 29.26040376 25.15648004 29.00640376 2 P 0
L 24.90248004 29.26040376 25.15648004 29.51440376 2 P 0
L 24.90248004 29.76840376 25.15648004 29.76840376 2 P 0
L 24.9303794 30.38781832 25.1843794 30.38781832 2 P 0
L 24.9303794 30.89581832 25.1843794 30.64181832 2 P 0
L 24.9303794 30.89581832 25.1843794 31.14981832 2 P 0
L 24.9303794 31.40381832 25.1843794 31.40381832 2 P 0
L 24.94970372 32.74401884 24.94970372 32.99801884 2 P 0
L 24.94970372 33.50601884 24.94970372 33.76001884 2 P 0
L 24.98147404 30.8168675 24.98147404 31.0708675 2 P 0
L 24.98147404 30.8168675 25.23547404 30.8168675 2 P 0
L 24.98147404 31.0708675 25.23547404 31.3248675 2 P 0
L 24.98147404 31.5788675 24.98147404 31.8328675 2 P 0
L 24.98147404 31.5788675 25.23547404 31.3248675 2 P 0
L 24.98147404 31.8328675 25.23547404 31.8328675 2 P 0
L 25.0095258 26.480389 25.2635258 26.734389 2 P 0
L 25.0095258 27.496389 25.2635258 27.242389 2 P 0
L 25.04593162 31.47200208 25.04593162 31.72600208 2 P 0
L 25.04593162 31.47200208 25.29993162 31.47200208 2 P 0
L 25.04593162 31.72600208 25.29993162 31.98000208 2 P 0
L 25.04593162 32.23400208 25.04593162 32.48800208 2 P 0
L 25.04593162 32.23400208 25.29993162 31.98000208 2 P 0
L 25.04593162 32.48800208 25.29993162 32.48800208 2 P 0
L 25.15648004 28.75240376 25.15648004 29.00640376 2 P 0
L 25.15648004 29.51440376 25.15648004 29.76840376 2 P 0
L 25.1843794 30.38781832 25.1843794 30.64181832 2 P 0
L 25.1843794 31.14981832 25.1843794 31.40381832 2 P 0
L 25.23547404 30.8168675 25.48947404 31.0708675 2 P 0
L 25.23547404 31.8328675 25.48947404 31.5788675 2 P 0
L 25.2635258 26.734389 25.5175258 26.480389 2 P 0
L 25.2635258 27.242389 25.5175258 27.496389 2 P 0
L 25.29993162 31.47200208 25.55393162 31.72600208 2 P 0
L 25.29993162 32.48800208 25.55393162 32.23400208 2 P 0
L 25.48947404 31.0708675 25.74347404 30.8168675 2 P 0
L 25.48947404 31.5788675 25.74347404 31.8328675 2 P 0
L 25.5175258 26.480389 25.7715258 26.480389 2 P 0
L 25.5175258 26.988389 25.7715258 26.734389 2 P 0
L 25.5175258 26.988389 25.7715258 27.242389 2 P 0
L 25.5175258 27.496389 25.7715258 27.496389 2 P 0
L 25.55393162 31.72600208 25.80793162 31.47200208 2 P 0
L 25.55393162 32.23400208 25.80793162 32.48800208 2 P 0
L 25.74347404 30.8168675 25.99747404 30.8168675 2 P 0
L 25.74347404 31.3248675 25.99747404 31.0708675 2 P 0
L 25.74347404 31.3248675 25.99747404 31.5788675 2 P 0
L 25.74347404 31.8328675 25.99747404 31.8328675 2 P 0
L 25.7715258 26.480389 25.7715258 26.734389 2 P 0
L 25.7715258 27.242389 25.7715258 27.496389 2 P 0
L 25.80793162 31.47200208 26.06193162 31.47200208 2 P 0
L 25.80793162 31.98000208 26.06193162 31.72600208 2 P 0
L 25.80793162 31.98000208 26.06193162 32.23400208 2 P 0
L 25.80793162 32.48800208 26.06193162 32.48800208 2 P 0
L 25.93994304 30.53114798 25.93994304 30.78514798 2 P 0
L 25.93994304 30.53114798 26.19394304 30.53114798 2 P 0
L 25.93994304 30.78514798 26.19394304 31.03914798 2 P 0
L 25.93994304 31.29314798 25.93994304 31.54714798 2 P 0
L 25.93994304 31.29314798 26.19394304 31.03914798 2 P 0
L 25.93994304 31.54714798 26.19394304 31.54714798 2 P 0
L 25.99747404 30.8168675 25.99747404 31.0708675 2 P 0
L 25.99747404 31.5788675 25.99747404 31.8328675 2 P 0
L 26.06193162 31.47200208 26.06193162 31.72600208 2 P 0
L 26.06193162 32.23400208 26.06193162 32.48800208 2 P 0
L 26.19394304 30.53114798 26.44794304 30.78514798 2 P 0
L 26.19394304 31.54714798 26.44794304 31.29314798 2 P 0
L 26.44794304 30.78514798 26.70194304 30.53114798 2 P 0
L 26.44794304 31.29314798 26.70194304 31.54714798 2 P 0
L 26.70194304 30.53114798 26.95594304 30.53114798 2 P 0
L 26.70194304 31.03914798 26.95594304 30.78514798 2 P 0
L 26.70194304 31.03914798 26.95594304 31.29314798 2 P 0
L 26.70194304 31.54714798 26.95594304 31.54714798 2 P 0
L 26.95594304 30.53114798 26.95594304 30.78514798 2 P 0
L 26.95594304 31.29314798 26.95594304 31.54714798 2 P 0
L 88.7009402 88.3463943 88.7009402 98.32049424 0 P 0
L 88.7009402 88.3463943 201.66659946 88.3463943 0 P 0
L 88.7009402 91.67109428 201.66659946 91.67109428 0 P 0
L 88.7009402 94.99579426 201.66659946 94.99579426 0 P 0
L 88.7009402 98.32049424 201.66659946 98.32049424 0 P 0
L 89.662 99.949 89.662 100.96467234 1 P 0
L 89.662 100.96467234 90.1698349 101.47250724 1 P 0
L 90.03631218 92.66850402 90.03631218 93.03791654 1 P 0
L 90.03631218 92.66850402 90.4057247 92.66850402 1 P 0
L 90.03631218 93.03791654 90.4057247 93.40732652 1 P 0
L 90.03631218 93.7767365 90.03631218 94.14614902 1 P 0
L 90.03631218 93.7767365 90.4057247 93.40732652 1 P 0
L 90.03631218 94.14614902 90.4057247 94.14614902 1 P 0
L 90.1698349 101.47250724 90.67767234 100.96467234 1 P 0
L 90.4057247 92.66850402 90.77513468 93.03791654 1 P 0
L 90.4057247 94.14614902 90.77513468 93.7767365 1 P 0
L 90.67767234 99.949 90.67767234 100.71075362 1 P 0
L 90.67767234 100.71075362 89.662 100.71075362 1 P 0
L 90.67767234 100.96467234 90.67767234 99.949 1 P 0
L 90.69575968 97.0567655 90.96164942 96.79087322 4 P 0
L 90.69575968 97.32265524 90.69575968 97.0567655 4 P 0
L 90.77513468 93.03791654 91.14454466 92.66850402 1 P 0
L 90.77513468 93.7767365 91.14454466 94.14614902 1 P 0
L 90.96164942 95.993204 90.69575968 96.25909374 4 P 0
L 90.96164942 96.79087322 91.4934289 96.79087322 4 P 0
L 90.96164942 97.58854498 90.69575968 97.32265524 4 P 0
L 91.14454466 92.66850402 91.51395718 92.66850402 1 P 0
L 91.14454466 93.40732652 91.51395718 93.03791654 1 P 0
L 91.14454466 93.40732652 91.51395718 93.7767365 1 P 0
L 91.14454466 94.14614902 91.51395718 94.14614902 1 P 0
L 91.18550724 99.949 91.69334214 99.949 1 P 0
L 91.43942596 99.949 91.43942596 101.47250724 1 P 0
L 91.43942596 101.47250724 91.18550724 101.47250724 1 P 0
L 91.4934289 95.993204 90.96164942 95.993204 4 P 0
L 91.4934289 96.79087322 91.75932118 96.52498348 4 P 0
L 91.4934289 97.58854498 90.96164942 97.58854498 4 P 0
L 91.51395718 92.66850402 91.51395718 93.03791654 1 P 0
L 91.51395718 93.7767365 91.51395718 94.14614902 1 P 0
L 91.69334214 99.949 91.43942596 99.949 1 P 0
L 91.75932118 96.25909374 91.4934289 95.993204 4 P 0
L 91.75932118 96.52498348 91.75932118 96.25909374 4 P 0
L 91.75932118 97.32265524 91.4934289 97.58854498 4 P 0
L 92.29110066 96.25909374 92.5569904 95.993204 4 P 0
L 92.29110066 97.0567655 92.29110066 96.25909374 4 P 0
L 92.45509576 99.949 92.96293066 99.949 1 P 0
L 92.5569904 95.993204 93.35466216 95.993204 4 P 0
L 92.70901448 99.949 92.70901448 101.47250724 1 P 0
L 92.70901448 101.47250724 92.45509576 101.47250724 1 P 0
L 92.96293066 99.949 92.70901448 99.949 1 P 0
L 93.08876988 95.46142452 92.82288014 95.46142452 4 P 0
L 93.35466216 95.72731426 93.08876988 95.46142452 4 P 0
L 93.35466216 95.993204 93.35466216 95.72731426 4 P 0
L 93.35466216 95.993204 93.35466216 97.0567655 4 P 0
L 93.88644164 95.993204 93.88644164 97.0567655 4 P 0
L 93.88644164 97.0567655 94.15233138 97.0567655 4 P 0
L 94.15233138 97.0567655 94.41822112 96.79087322 4 P 0
L 94.41822112 95.993204 94.41822112 96.79087322 4 P 0
L 94.41822112 96.79087322 94.41822112 95.993204 4 P 0
L 94.41822112 96.79087322 94.68411086 97.0567655 4 P 0
L 94.68411086 97.0567655 94.95000314 96.79087322 4 P 0
L 94.95000314 96.79087322 94.95000314 95.993204 4 P 0
L 95.24819152 100.20291872 95.24819152 100.71075362 1 P 0
L 95.24819152 100.71075362 95.50211024 100.96467234 1 P 0
L 95.48178262 95.993204 96.27945184 95.993204 4 P 0
L 95.48178262 97.58854498 95.48178262 95.993204 4 P 0
L 95.50211024 99.949 95.24819152 100.20291872 1 P 0
L 95.50211024 100.96467234 96.26386386 100.96467234 1 P 0
L 96.26386386 99.949 95.50211024 99.949 1 P 0
L 96.26386386 101.47250724 96.26386386 99.949 1 P 0
L 96.27945184 95.993204 96.54534412 96.25909374 4 P 0
L 96.27945184 97.0567655 95.48178262 97.0567655 4 P 0
L 96.54534412 96.25909374 96.54534412 96.52498348 4 P 0
L 96.54534412 96.52498348 96.54534412 96.79087322 4 P 0
L 96.54534412 96.79087322 96.27945184 97.0567655 4 P 0
L 96.77169876 99.949 96.77169876 100.4568349 1 P 0
L 96.77169876 100.4568349 97.02561748 100.71075362 1 P 0
L 96.77169876 100.96467234 96.77169876 99.949 1 P 0
L 97.02561748 100.71075362 97.27953366 100.96467234 1 P 0
L 97.0771236 96.25909374 97.34301334 95.993204 4 P 0
L 97.0771236 96.79087322 97.0771236 96.25909374 4 P 0
L 97.27953366 100.96467234 97.53345238 100.96467234 1 P 0
L 97.34301334 95.993204 97.87479282 95.993204 4 P 0
L 97.34301334 97.0567655 97.0771236 96.79087322 4 P 0
L 97.87479282 95.993204 98.1406851 96.25909374 4 P 0
L 97.87479282 97.0567655 97.34301334 97.0567655 4 P 0
L 98.1406851 96.25909374 98.1406851 96.79087322 4 P 0
L 98.1406851 96.79087322 97.87479282 97.0567655 4 P 0
L 98.295206 99.949 98.8030409 99.949 1 P 0
L 98.54912472 99.949 98.54912472 100.96467234 1 P 0
L 98.54912472 100.96467234 98.295206 100.96467234 1 P 0
L 98.67246458 95.993204 99.20424406 95.993204 4 P 0
L 98.8030409 99.949 98.54912472 99.949 1 P 0
L 98.93835432 95.993204 98.93835432 97.58854498 4 P 0
L 98.93835432 97.58854498 98.67246458 97.58854498 4 P 0
L 99.20424406 95.993204 98.93835432 95.993204 4 P 0
L 99.56479452 99.949 100.07262942 99.949 1 P 0
L 99.81871324 99.949 99.81871324 101.47250724 1 P 0
L 99.81871324 101.47250724 99.56479452 101.47250724 1 P 0
L 100.07262942 99.949 99.81871324 99.949 1 P 0
L 100.83438304 99.949 101.34221794 99.949 1 P 0
L 101.0144538 88.3463943 101.0144538 98.32049424 0 P 0
L 101.08830176 99.949 101.08830176 101.47250724 1 P 0
L 101.08830176 101.47250724 100.83438304 101.47250724 1 P 0
L 101.34221794 99.949 101.08830176 99.949 1 P 0
L 102.01186354 90.00852966 102.89816352 90.00852966 1 P 0
L 102.01186354 93.33322964 102.89816352 93.33322964 1 P 0
L 102.01186354 95.993204 102.01186354 96.79087322 4 P 0
L 102.01186354 96.79087322 103.07542504 96.79087322 4 P 0
L 102.01186354 97.58854498 102.01186354 95.993204 4 P 0
L 102.67658916 89.34380404 102.67658916 90.67325528 1 P 0
L 102.67658916 90.67325528 102.01186354 90.00852966 1 P 0
L 102.67658916 92.66850402 102.67658916 93.99795526 1 P 0
L 102.67658916 93.99795526 102.01186354 93.33322964 1 P 0
L 103.07542504 96.79087322 103.07542504 97.58854498 4 P 0
L 103.07542504 97.58854498 103.07542504 95.993204 4 P 0
L 103.34131478 89.5653784 103.34131478 89.34380404 1 P 0
L 103.34131478 90.67325528 104.22761476 90.67325528 1 P 0
L 103.34131478 92.89007838 103.34131478 92.66850402 1 P 0
L 103.34131478 93.99795526 104.22761476 93.99795526 1 P 0
L 103.60720452 95.993204 104.138984 95.993204 4 P 0
L 103.6274788 99.949 103.6274788 100.71075362 1 P 0
L 103.6274788 100.71075362 103.88139752 100.96467234 1 P 0
L 103.6274788 101.47250724 103.6274788 99.949 1 P 0
L 103.87309426 95.993204 103.87309426 97.0567655 4 P 0
L 103.87309426 97.0567655 103.60720452 97.0567655 4 P 0
L 103.88139752 100.96467234 104.38923242 100.96467234 1 P 0
L 104.138984 95.993204 103.87309426 95.993204 4 P 0
L 104.22761476 90.45167838 103.34131478 89.5653784 1 P 0
L 104.22761476 90.67325528 104.22761476 90.45167838 1 P 0
L 104.22761476 93.77637836 103.34131478 92.89007838 1 P 0
L 104.22761476 93.99795526 104.22761476 93.77637836 1 P 0
L 104.38923242 100.96467234 104.64315114 100.71075362 1 P 0
L 104.64315114 100.71075362 104.64315114 99.949 1 P 0
L 104.93665576 97.0567655 105.46843524 97.0567655 4 P 0
L 105.15098604 100.20291872 105.40490476 99.949 1 P 0
L 105.15098604 100.71075362 105.15098604 100.20291872 1 P 0
L 105.2025455 96.25909374 105.46843524 95.993204 4 P 0
L 105.2025455 97.0567655 104.93665576 97.0567655 4 P 0
L 105.2025455 97.0567655 105.2025455 96.25909374 4 P 0
L 105.2025455 97.32265524 105.2025455 97.0567655 4 P 0
L 105.40490476 99.949 105.91273966 99.949 1 P 0
L 105.40490476 100.96467234 105.15098604 100.71075362 1 P 0
L 105.46843524 97.0567655 105.2025455 97.0567655 4 P 0
L 105.91273966 99.949 106.16665838 100.20291872 1 P 0
L 105.91273966 100.96467234 105.40490476 100.96467234 1 P 0
L 106.00021726 90.67325528 106.88651724 90.67325528 1 P 0
L 106.16665838 100.20291872 106.16665838 100.71075362 1 P 0
L 106.16665838 100.71075362 105.91273966 100.96467234 1 P 0
L 106.44336852 90.67325528 106.44336852 89.34380404 1 P 0
L 106.67449328 99.949 107.18232818 99.949 1 P 0
L 106.88651724 90.67325528 106.44336852 90.67325528 1 P 0
L 106.928412 99.949 106.928412 101.47250724 1 P 0
L 106.928412 101.47250724 106.67449328 101.47250724 1 P 0
L 107.18232818 99.949 106.928412 99.949 1 P 0
L 107.3296685 89.5653784 107.55124286 89.34380404 1 P 0
L 107.3296685 90.00852966 107.3296685 89.5653784 1 P 0
L 107.55124286 89.34380404 107.99439412 89.34380404 1 P 0
L 107.55124286 90.23010402 107.3296685 90.00852966 1 P 0
L 107.86144798 96.25909374 108.12733772 95.993204 4 P 0
L 107.86144798 97.32265524 107.86144798 96.25909374 4 P 0
L 107.9440818 100.20291872 107.9440818 100.71075362 1 P 0
L 107.9440818 100.71075362 108.19800052 100.96467234 1 P 0
L 107.99439412 89.34380404 108.21596848 89.5653784 1 P 0
L 107.99439412 90.23010402 107.55124286 90.23010402 1 P 0
L 108.12733772 95.993204 108.6591172 95.993204 4 P 0
L 108.12733772 97.58854498 107.86144798 97.32265524 4 P 0
L 108.19800052 99.949 107.9440818 100.20291872 1 P 0
L 108.19800052 100.96467234 108.70583542 100.96467234 1 P 0
L 108.21596848 89.5653784 108.21596848 90.00852966 1 P 0
L 108.21596848 90.00852966 107.99439412 90.23010402 1 P 0
L 108.6591172 95.993204 108.92500948 96.25909374 4 P 0
L 108.6591172 97.58854498 108.12733772 97.58854498 4 P 0
L 108.65911974 90.23010402 109.102271 90.23010402 1 P 0
L 108.70583542 99.949 108.19800052 99.949 1 P 0
L 108.70583542 100.96467234 108.95975414 100.71075362 1 P 0
L 108.8806941 89.5653784 109.102271 89.34380404 1 P 0
L 108.8806941 90.23010402 108.65911974 90.23010402 1 P 0
L 108.8806941 90.23010402 108.8806941 89.5653784 1 P 0
L 108.8806941 90.45167838 108.8806941 90.23010402 1 P 0
L 108.92500948 97.32265524 108.6591172 97.58854498 4 P 0
L 108.95975414 100.4568349 107.9440818 100.4568349 1 P 0
L 108.95975414 100.71075362 108.95975414 100.4568349 1 P 0
L 109.102271 90.23010402 108.8806941 90.23010402 1 P 0
L 109.45678896 96.25909374 109.7226787 95.993204 4 P 0
L 109.45678896 96.79087322 109.45678896 96.25909374 4 P 0
L 109.46758904 99.949 110.22934266 99.949 1 P 0
L 109.46758904 100.71075362 109.72150776 100.96467234 1 P 0
L 109.72150776 100.4568349 109.46758904 100.71075362 1 P 0
L 109.72150776 100.96467234 110.48326138 100.96467234 1 P 0
L 109.7226787 95.993204 110.25445818 95.993204 4 P 0
L 109.7226787 97.0567655 109.45678896 96.79087322 4 P 0
L 109.76699408 89.5653784 109.98856844 89.7869553 1 P 0
L 109.98856844 89.34380404 109.76699408 89.5653784 1 P 0
L 109.98856844 89.7869553 110.65329406 89.7869553 1 P 0
L 109.98856844 90.23010402 110.4317197 90.23010402 1 P 0
L 110.22934266 99.949 110.48326138 100.20291872 1 P 0
L 110.22934266 100.4568349 109.72150776 100.4568349 1 P 0
L 110.25445818 95.993204 110.52035046 96.25909374 4 P 0
L 110.25445818 97.0567655 109.7226787 97.0567655 4 P 0
L 110.4317197 90.23010402 110.65329406 90.00852966 1 P 0
L 110.48326138 100.20291872 110.22934266 100.4568349 1 P 0
L 110.52035046 96.25909374 110.52035046 96.79087322 4 P 0
L 110.52035046 96.79087322 110.25445818 97.0567655 4 P 0
L 110.65329406 89.34380404 109.98856844 89.34380404 1 P 0
L 110.65329406 90.00852966 110.65329406 89.34380404 1 P 0
L 111.05212994 96.25909374 111.31801968 95.993204 4 P 0
L 111.05212994 97.0567655 111.05212994 96.25909374 4 P 0
L 111.09644532 89.34380404 111.53959658 89.34380404 1 P 0
L 111.31801968 89.34380404 111.31801968 90.67325528 1 P 0
L 111.31801968 90.67325528 111.09644532 90.67325528 1 P 0
L 111.31801968 95.993204 112.11569144 95.993204 4 P 0
L 111.53959658 89.34380404 111.31801968 89.34380404 1 P 0
L 112.11569144 95.993204 112.11569144 97.0567655 4 P 0
L 112.51460352 100.20291872 112.76852224 100.4568349 1 P 0
L 112.64747092 95.993204 112.64747092 97.0567655 4 P 0
L 112.64747092 97.0567655 113.44514014 97.0567655 4 P 0
L 112.76852224 99.949 112.51460352 100.20291872 1 P 0
L 112.76852224 100.4568349 113.53027586 100.4568349 1 P 0
L 112.76852224 100.96467234 113.27635714 100.96467234 1 P 0
L 113.27635714 100.96467234 113.53027586 100.71075362 1 P 0
L 113.44514014 97.0567655 113.71103242 96.79087322 4 P 0
L 113.53027586 99.949 112.76852224 99.949 1 P 0
L 113.53027586 100.71075362 113.53027586 99.949 1 P 0
L 113.71103242 96.79087322 113.71103242 95.993204 4 P 0
L 114.03811076 99.949 114.03811076 100.96467234 1 P 0
L 114.03811076 100.96467234 114.79986438 100.96467234 1 P 0
L 114.2428119 97.0567655 114.77459138 97.0567655 4 P 0
L 114.50870164 96.25909374 114.77459138 95.993204 4 P 0
L 114.50870164 97.0567655 114.2428119 97.0567655 4 P 0
L 114.50870164 97.0567655 114.50870164 96.25909374 4 P 0
L 114.50870164 97.32265524 114.50870164 97.0567655 4 P 0
L 114.77459138 97.0567655 114.50870164 97.0567655 4 P 0
L 114.79986438 100.96467234 115.0537831 100.71075362 1 P 0
L 115.0537831 100.71075362 115.0537831 99.949 1 P 0
L 115.561618 100.20291872 115.561618 100.71075362 1 P 0
L 115.561618 100.71075362 115.81553672 100.96467234 1 P 0
L 115.81553672 99.949 115.561618 100.20291872 1 P 0
L 115.81553672 100.96467234 116.57729034 100.96467234 1 P 0
L 116.57729034 99.949 115.81553672 99.949 1 P 0
L 116.57729034 101.47250724 116.57729034 99.949 1 P 0
L 116.58480112 88.3463943 116.58480112 98.32049424 0 P 0
L 117.58221086 92.66850402 118.02536212 92.66850402 1 P 0
L 117.58221086 96.79087322 117.58221086 95.993204 4 P 0
L 117.58221086 96.79087322 118.11399034 96.79087322 4 P 0
L 117.58221086 97.58854498 117.58221086 96.79087322 4 P 0
L 117.80378522 92.66850402 117.80378522 93.99795526 1 P 0
L 117.80378522 93.99795526 117.58221086 93.77637836 1 P 0
L 118.02536212 92.66850402 117.80378522 92.66850402 1 P 0
L 118.11399034 96.79087322 117.58221086 96.79087322 4 P 0
L 118.60863248 99.949 119.3703861 99.949 1 P 0
L 118.60863248 100.71075362 118.8625512 100.96467234 1 P 0
L 118.64577236 97.58854498 117.58221086 97.58854498 4 P 0
L 118.6900852 92.89007838 118.6900852 93.77637836 1 P 0
L 118.6900852 93.77637836 118.91165956 93.99795526 1 P 0
L 118.8625512 100.4568349 118.60863248 100.71075362 1 P 0
L 118.8625512 100.96467234 119.62430482 100.96467234 1 P 0
L 118.91165956 92.66850402 118.6900852 92.89007838 1 P 0
L 118.91165956 93.99795526 119.35481082 93.99795526 1 P 0
L 119.17755184 95.993204 119.70933132 95.993204 4 P 0
L 119.35481082 92.66850402 118.91165956 92.66850402 1 P 0
L 119.35481082 93.99795526 119.57638518 93.77637836 1 P 0
L 119.3703861 99.949 119.62430482 100.20291872 1 P 0
L 119.3703861 100.4568349 118.8625512 100.4568349 1 P 0
L 119.44344158 95.993204 119.44344158 97.0567655 4 P 0
L 119.44344158 97.0567655 119.17755184 97.0567655 4 P 0
L 119.57638518 92.89007838 119.35481082 92.66850402 1 P 0
L 119.57638518 93.77637836 119.57638518 92.89007838 1 P 0
L 119.62430482 100.20291872 119.3703861 100.4568349 1 P 0
L 119.70933132 95.993204 119.44344158 95.993204 4 P 0
L 120.01953644 92.66850402 120.01953644 92.89007838 1 P 0
L 120.01953644 92.89007838 120.2411108 92.89007838 1 P 0
L 120.13213972 99.949 120.63997462 99.949 1 P 0
L 120.2411108 92.66850402 120.01953644 92.66850402 1 P 0
L 120.2411108 92.89007838 120.2411108 92.66850402 1 P 0
L 120.38605844 99.949 120.38605844 101.47250724 1 P 0
L 120.38605844 101.47250724 120.13213972 101.47250724 1 P 0
L 120.50700308 95.993204 120.50700308 97.0567655 4 P 0
L 120.50700308 97.0567655 121.3046723 97.0567655 4 P 0
L 120.63997462 99.949 120.38605844 99.949 1 P 0
L 121.12741078 92.89007838 121.12741078 93.77637836 1 P 0
L 121.12741078 93.77637836 121.34898514 93.99795526 1 P 0
L 121.3046723 97.0567655 121.57056458 96.79087322 4 P 0
L 121.34898514 92.66850402 121.12741078 92.89007838 1 P 0
L 121.34898514 93.99795526 121.7921364 93.99795526 1 P 0
L 121.40172824 100.20291872 121.65564696 99.949 1 P 0
L 121.40172824 100.71075362 121.40172824 100.20291872 1 P 0
L 121.57056458 96.79087322 121.57056458 95.993204 4 P 0
L 121.65564696 99.949 122.16348186 99.949 1 P 0
L 121.65564696 100.96467234 121.40172824 100.71075362 1 P 0
L 121.7921364 92.66850402 121.34898514 92.66850402 1 P 0
L 121.7921364 93.99795526 122.01371076 93.77637836 1 P 0
L 122.01371076 92.89007838 121.7921364 92.66850402 1 P 0
L 122.01371076 93.77637836 122.01371076 92.89007838 1 P 0
L 122.10234406 95.993204 122.63412354 95.993204 4 P 0
L 122.16348186 99.949 122.41740058 100.20291872 1 P 0
L 122.16348186 100.96467234 121.65564696 100.96467234 1 P 0
L 122.3682338 95.993204 122.3682338 97.0567655 4 P 0
L 122.3682338 97.0567655 122.10234406 97.0567655 4 P 0
L 122.41740058 100.20291872 122.41740058 100.71075362 1 P 0
L 122.41740058 100.71075362 122.16348186 100.96467234 1 P 0
L 122.45686202 92.89007838 122.45686202 93.77637836 1 P 0
L 122.45686202 93.77637836 122.67843638 93.99795526 1 P 0
L 122.63412354 95.993204 122.3682338 95.993204 4 P 0
L 122.67843638 92.66850402 122.45686202 92.89007838 1 P 0
L 122.67843638 93.99795526 123.12158764 93.99795526 1 P 0
L 122.92523548 100.96467234 123.43307038 100.96467234 1 P 0
L 123.12158764 92.66850402 122.67843638 92.66850402 1 P 0
L 123.12158764 93.99795526 123.343162 93.77637836 1 P 0
L 123.1791542 100.20291872 123.43307038 99.949 1 P 0
L 123.1791542 100.96467234 122.92523548 100.96467234 1 P 0
L 123.1791542 100.96467234 123.1791542 100.20291872 1 P 0
L 123.1791542 101.21858852 123.1791542 100.96467234 1 P 0
L 123.343162 92.89007838 123.12158764 92.66850402 1 P 0
L 123.343162 93.77637836 123.343162 92.89007838 1 P 0
L 123.4317953 95.993204 124.22946452 95.993204 4 P 0
L 123.4317953 96.79087322 123.69768504 97.0567655 4 P 0
L 123.43307038 100.96467234 123.1791542 100.96467234 1 P 0
L 123.69768504 96.52498348 123.4317953 96.79087322 4 P 0
L 123.69768504 97.0567655 124.4953568 97.0567655 4 P 0
L 123.78631326 92.66850402 123.78631326 93.554804 1 P 0
L 123.78631326 93.554804 124.00788762 93.554804 1 P 0
L 124.00788762 93.554804 124.22946452 93.33322964 1 P 0
L 124.194824 99.949 124.95657762 99.949 1 P 0
L 124.194824 100.71075362 124.44874272 100.96467234 1 P 0
L 124.22946452 92.66850402 124.22946452 93.33322964 1 P 0
L 124.22946452 93.33322964 124.22946452 92.66850402 1 P 0
L 124.22946452 93.33322964 124.45103888 93.554804 1 P 0
L 124.22946452 95.993204 124.4953568 96.25909374 4 P 0
L 124.22946452 96.52498348 123.69768504 96.52498348 4 P 0
L 124.44874272 100.4568349 124.194824 100.71075362 1 P 0
L 124.44874272 100.96467234 125.21049634 100.96467234 1 P 0
L 124.45103888 93.554804 124.67261324 93.33322964 1 P 0
L 124.4953568 96.25909374 124.22946452 96.52498348 4 P 0
L 124.67261324 93.33322964 124.67261324 92.66850402 1 P 0
L 124.95657762 99.949 125.21049634 100.20291872 1 P 0
L 124.95657762 100.4568349 124.44874272 100.4568349 1 P 0
L 125.02713628 95.993204 125.02713628 96.79087322 4 P 0
L 125.02713628 96.79087322 125.29302602 97.0567655 4 P 0
L 125.02713628 97.58854498 125.02713628 95.993204 4 P 0
L 125.1157645 92.66850402 125.55891576 92.66850402 1 P 0
L 125.21049634 100.20291872 124.95657762 100.4568349 1 P 0
L 125.29302602 97.0567655 125.8248055 97.0567655 4 P 0
L 125.33733886 92.66850402 125.33733886 93.554804 1 P 0
L 125.33733886 93.554804 125.1157645 93.554804 1 P 0
L 125.55891576 92.66850402 125.33733886 92.66850402 1 P 0
L 125.8248055 97.0567655 126.09069778 96.79087322 4 P 0
L 126.09069778 96.79087322 126.09069778 95.993204 4 P 0
L 126.22363884 92.66850402 126.6667901 92.66850402 1 P 0
L 126.4452132 92.66850402 126.4452132 93.99795526 1 P 0
L 126.4452132 93.99795526 126.22363884 93.99795526 1 P 0
L 126.62247726 96.25909374 126.62247726 96.79087322 4 P 0
L 126.62247726 96.79087322 126.888367 97.0567655 4 P 0
L 126.6667901 92.66850402 126.4452132 92.66850402 1 P 0
L 126.888367 95.993204 126.62247726 96.25909374 4 P 0
L 126.888367 97.0567655 127.42014648 97.0567655 4 P 0
L 127.24183848 100.20291872 127.4957572 100.4568349 1 P 0
L 127.42014648 95.993204 126.888367 95.993204 4 P 0
L 127.42014648 97.0567655 127.68603876 96.79087322 4 P 0
L 127.4957572 99.949 127.24183848 100.20291872 1 P 0
L 127.4957572 100.4568349 128.25751082 100.4568349 1 P 0
L 127.4957572 100.96467234 128.0035921 100.96467234 1 P 0
L 127.68603876 96.52498348 126.62247726 96.52498348 4 P 0
L 127.68603876 96.79087322 127.68603876 96.52498348 4 P 0
L 128.0035921 100.96467234 128.25751082 100.71075362 1 P 0
L 128.21781824 96.25909374 128.21781824 96.79087322 4 P 0
L 128.21781824 96.79087322 128.48370798 97.0567655 4 P 0
L 128.25751082 99.949 127.4957572 99.949 1 P 0
L 128.25751082 100.71075362 128.25751082 99.949 1 P 0
L 128.48370798 95.993204 128.21781824 96.25909374 4 P 0
L 128.48370798 97.0567655 129.28137974 97.0567655 4 P 0
L 128.66096442 93.11165528 128.66096442 93.554804 1 P 0
L 128.66096442 93.554804 129.10411568 93.99795526 1 P 0
L 128.76534572 99.949 128.76534572 100.4568349 1 P 0
L 128.76534572 100.4568349 129.01926444 100.71075362 1 P 0
L 128.76534572 100.96467234 128.76534572 99.949 1 P 0
L 129.01926444 100.71075362 129.27318062 100.96467234 1 P 0
L 129.10411568 92.66850402 128.66096442 93.11165528 1 P 0
L 129.27318062 100.96467234 129.52709934 100.96467234 1 P 0
L 129.28137974 95.993204 128.48370798 95.993204 4 P 0
L 129.28137974 97.58854498 129.28137974 95.993204 4 P 0
L 129.76883876 92.89007838 129.76883876 93.77637836 1 P 0
L 129.76883876 93.77637836 129.99041312 93.99795526 1 P 0
L 129.99041312 92.66850402 129.76883876 92.89007838 1 P 0
L 129.99041312 93.99795526 130.43356438 93.99795526 1 P 0
L 130.28885296 100.20291872 130.28885296 100.71075362 1 P 0
L 130.28885296 100.71075362 130.54277168 100.96467234 1 P 0
L 130.43356438 92.66850402 129.99041312 92.66850402 1 P 0
L 130.43356438 93.99795526 130.65513874 93.77637836 1 P 0
L 130.54277168 99.949 130.28885296 100.20291872 1 P 0
L 130.54277168 100.96467234 131.05060658 100.96467234 1 P 0
L 130.65513874 92.89007838 130.43356438 92.66850402 1 P 0
L 130.65513874 93.77637836 130.65513874 92.89007838 1 P 0
L 131.05060658 99.949 130.54277168 99.949 1 P 0
L 131.05060658 100.96467234 131.3045253 100.71075362 1 P 0
L 131.09829 92.66850402 131.09829 92.89007838 1 P 0
L 131.09829 92.89007838 131.31986436 92.89007838 1 P 0
L 131.3045253 100.4568349 130.28885296 100.4568349 1 P 0
L 131.3045253 100.71075362 131.3045253 100.4568349 1 P 0
L 131.31986436 92.66850402 131.09829 92.66850402 1 P 0
L 131.31986436 92.89007838 131.31986436 92.66850402 1 P 0
L 131.4085002 95.993204 131.4085002 96.79087322 4 P 0
L 131.4085002 96.79087322 132.4720617 96.79087322 4 P 0
L 131.4085002 97.58854498 131.4085002 95.993204 4 P 0
L 132.20616434 92.66850402 133.09246432 93.554804 1 P 0
L 132.4277387 93.99795526 132.20616434 93.77637836 1 P 0
L 132.4720617 96.79087322 132.4720617 97.58854498 4 P 0
L 132.4720617 97.58854498 132.4720617 95.993204 4 P 0
L 132.87088996 93.99795526 132.4277387 93.99795526 1 P 0
L 133.00384118 96.25909374 133.26973092 95.993204 4 P 0
L 133.00384118 96.79087322 133.00384118 96.25909374 4 P 0
L 133.09246432 92.66850402 132.20616434 92.66850402 1 P 0
L 133.09246432 93.554804 133.09246432 93.77637836 1 P 0
L 133.09246432 93.77637836 132.87088996 93.99795526 1 P 0
L 133.26973092 95.993204 133.8015104 95.993204 4 P 0
L 133.26973092 97.0567655 133.00384118 96.79087322 4 P 0
L 133.33586744 100.71075362 134.35153978 100.71075362 1 P 0
L 133.53561558 93.33322964 133.97876684 93.554804 1 P 0
L 133.53561558 93.99795526 133.53561558 93.33322964 1 P 0
L 133.75718994 92.66850402 133.53561558 92.89007838 1 P 0
L 133.8015104 95.993204 134.06740268 96.25909374 4 P 0
L 133.8015104 97.0567655 133.26973092 97.0567655 4 P 0
L 133.84370234 101.21858852 133.84370234 100.20291872 1 P 0
L 133.97876684 93.554804 134.2003412 93.554804 1 P 0
L 134.06740268 96.25909374 134.06740268 96.79087322 4 P 0
L 134.06740268 96.79087322 133.8015104 97.0567655 4 P 0
L 134.2003412 92.66850402 133.75718994 92.66850402 1 P 0
L 134.2003412 93.554804 134.42191556 93.33322964 1 P 0
L 134.42191556 92.89007838 134.2003412 92.66850402 1 P 0
L 134.42191556 93.33322964 134.42191556 92.89007838 1 P 0
L 134.42191556 93.99795526 133.53561558 93.99795526 1 P 0
L 134.59918216 95.993204 135.13096164 95.993204 4 P 0
L 134.85937468 99.949 135.87504702 100.96467234 1 P 0
L 134.86506682 93.33322964 135.7513668 93.33322964 1 P 0
L 134.8650719 95.993204 134.8650719 97.58854498 4 P 0
L 134.8650719 97.58854498 134.59918216 97.58854498 4 P 0
L 135.13096164 95.993204 134.8650719 95.993204 4 P 0
L 135.52979244 92.66850402 135.52979244 93.99795526 1 P 0
L 135.52979244 93.99795526 134.86506682 93.33322964 1 P 0
L 135.9286334 96.25909374 135.9286334 96.79087322 4 P 0
L 135.9286334 96.79087322 136.19452314 97.0567655 4 P 0
L 136.19451806 92.66850402 136.19451806 93.554804 1 P 0
L 136.19451806 93.554804 136.41609242 93.554804 1 P 0
L 136.19452314 95.993204 135.9286334 96.25909374 4 P 0
L 136.19452314 97.0567655 136.72630262 97.0567655 4 P 0
L 136.38288192 100.71075362 137.39855426 100.71075362 1 P 0
L 136.41609242 93.554804 136.63766932 93.33322964 1 P 0
L 136.63766932 92.66850402 136.63766932 93.33322964 1 P 0
L 136.63766932 93.33322964 136.63766932 92.66850402 1 P 0
L 136.63766932 93.33322964 136.85924368 93.554804 1 P 0
L 136.72630262 95.993204 136.19452314 95.993204 4 P 0
L 136.72630262 97.0567655 136.9921949 96.79087322 4 P 0
L 136.85924368 93.554804 137.08081804 93.33322964 1 P 0
L 136.9921949 96.52498348 135.9286334 96.52498348 4 P 0
L 136.9921949 96.79087322 136.9921949 96.52498348 4 P 0
L 137.08081804 93.33322964 137.08081804 92.66850402 1 P 0
L 137.5239693 92.66850402 137.5239693 93.554804 1 P 0
L 137.5239693 93.554804 137.74554366 93.554804 1 P 0
L 137.74554366 93.554804 137.96712056 93.33322964 1 P 0
L 137.96712056 92.66850402 137.96712056 93.33322964 1 P 0
L 137.96712056 93.33322964 137.96712056 92.66850402 1 P 0
L 137.96712056 93.33322964 138.18869492 93.554804 1 P 0
L 138.18869492 93.554804 138.41026928 93.33322964 1 P 0
L 138.41026928 93.33322964 138.41026928 92.66850402 1 P 0
L 138.85342054 92.66850402 139.2965718 93.11165528 1 P 0
L 139.11931536 97.0567655 139.3852051 96.79087322 4 P 0
L 139.11931536 97.32265524 139.11931536 97.0567655 4 P 0
L 139.2965718 93.11165528 139.2965718 93.554804 1 P 0
L 139.2965718 93.554804 138.85342054 93.99795526 1 P 0
L 139.3852051 95.993204 139.11931536 96.25909374 4 P 0
L 139.3852051 96.79087322 139.91698458 96.79087322 4 P 0
L 139.3852051 97.58854498 139.11931536 97.32265524 4 P 0
L 139.4298964 100.71075362 139.9377313 100.96467234 1 P 0
L 139.4298964 101.47250724 139.4298964 100.71075362 1 P 0
L 139.68381512 99.949 139.4298964 100.20291872 1 P 0
L 139.91698458 95.993204 139.3852051 95.993204 4 P 0
L 139.91698458 96.79087322 140.18287686 96.52498348 4 P 0
L 139.91698458 97.58854498 139.3852051 97.58854498 4 P 0
L 139.9377313 100.96467234 140.19165002 100.96467234 1 P 0
L 140.18287686 96.25909374 139.91698458 95.993204 4 P 0
L 140.18287686 96.52498348 140.18287686 96.25909374 4 P 0
L 140.18287686 97.32265524 139.91698458 97.58854498 4 P 0
L 140.19165002 99.949 139.68381512 99.949 1 P 0
L 140.19165002 100.96467234 140.44556874 100.71075362 1 P 0
L 140.44556874 100.20291872 140.19165002 99.949 1 P 0
L 140.44556874 100.71075362 140.44556874 100.20291872 1 P 0
L 140.44556874 101.47250724 139.4298964 101.47250724 1 P 0
L 140.71465634 95.993204 141.24643582 95.993204 4 P 0
L 140.95340364 99.949 140.95340364 100.96467234 1 P 0
L 140.95340364 100.96467234 141.20732236 100.96467234 1 P 0
L 140.98054608 95.993204 140.98054608 97.0567655 4 P 0
L 140.98054608 97.0567655 140.71465634 97.0567655 4 P 0
L 141.20732236 100.96467234 141.46123854 100.71075362 1 P 0
L 141.24643582 95.993204 140.98054608 95.993204 4 P 0
L 141.46123854 99.949 141.46123854 100.71075362 1 P 0
L 141.46123854 100.71075362 141.46123854 99.949 1 P 0
L 141.46123854 100.71075362 141.71515726 100.96467234 1 P 0
L 141.71515726 100.96467234 141.96907598 100.71075362 1 P 0
L 141.96907598 100.71075362 141.96907598 99.949 1 P 0
L 142.04410758 95.993204 143.10766908 95.993204 4 P 0
L 142.04410758 97.0567655 143.10766908 97.0567655 4 P 0
L 142.47691088 99.949 142.98474578 99.949 1 P 0
L 142.7308296 99.949 142.7308296 100.96467234 1 P 0
L 142.7308296 100.96467234 142.47691088 100.96467234 1 P 0
L 142.98474578 99.949 142.7308296 99.949 1 P 0
L 143.10766908 97.0567655 142.04410758 95.993204 4 P 0
L 143.63944856 96.25909374 143.63944856 96.79087322 4 P 0
L 143.63944856 96.79087322 143.9053383 97.0567655 4 P 0
L 143.7464994 99.949 144.2543343 99.949 1 P 0
L 143.9053383 95.993204 143.63944856 96.25909374 4 P 0
L 143.9053383 97.0567655 144.43711778 97.0567655 4 P 0
L 144.00041812 99.949 144.00041812 101.47250724 1 P 0
L 144.00041812 101.47250724 143.7464994 101.47250724 1 P 0
L 144.2543343 99.949 144.00041812 99.949 1 P 0
L 144.43711778 95.993204 143.9053383 95.993204 4 P 0
L 144.43711778 97.0567655 144.70301006 96.79087322 4 P 0
L 144.70301006 96.52498348 143.63944856 96.52498348 4 P 0
L 144.70301006 96.79087322 144.70301006 96.52498348 4 P 0
L 146.5132198 88.3463943 146.5132198 98.32049424 0 P 0
L 146.53959516 100.96467234 147.04743006 100.96467234 1 P 0
L 146.79351388 100.20291872 147.04743006 99.949 1 P 0
L 146.79351388 100.96467234 146.53959516 100.96467234 1 P 0
L 146.79351388 100.96467234 146.79351388 100.20291872 1 P 0
L 146.79351388 101.21858852 146.79351388 100.96467234 1 P 0
L 147.04743006 100.96467234 146.79351388 100.96467234 1 P 0
L 147.51062954 92.66850402 147.51062954 93.99795526 1 P 0
L 147.51062954 93.99795526 148.17535516 93.99795526 1 P 0
L 147.51062954 95.993204 147.51062954 97.58854498 4 P 0
L 147.51062954 97.58854498 148.30829876 97.58854498 4 P 0
L 147.80918368 100.20291872 148.0631024 99.949 1 P 0
L 147.80918368 100.71075362 147.80918368 100.20291872 1 P 0
L 148.0631024 99.949 148.5709373 99.949 1 P 0
L 148.0631024 100.96467234 147.80918368 100.71075362 1 P 0
L 148.17535516 93.11165528 147.51062954 93.11165528 1 P 0
L 148.17535516 93.99795526 148.39692952 93.77637836 1 P 0
L 148.30829876 96.52498348 147.51062954 96.52498348 4 P 0
L 148.30829876 97.58854498 148.57419104 97.32265524 4 P 0
L 148.39692952 93.33322964 148.17535516 93.11165528 1 P 0
L 148.39692952 93.77637836 148.39692952 93.33322964 1 P 0
L 148.5709373 99.949 148.82485602 100.20291872 1 P 0
L 148.5709373 100.96467234 148.0631024 100.96467234 1 P 0
L 148.57419104 96.79087322 148.30829876 96.52498348 4 P 0
L 148.57419104 97.32265524 148.57419104 96.79087322 4 P 0
L 148.82485602 100.20291872 148.82485602 100.71075362 1 P 0
L 148.82485602 100.71075362 148.5709373 100.96467234 1 P 0
L 148.84008078 93.99795526 149.72638076 93.99795526 1 P 0
L 149.10597052 95.993204 149.63775 95.993204 4 P 0
L 149.28323204 93.99795526 149.28323204 92.66850402 1 P 0
L 149.33269092 99.949 149.84052582 99.949 1 P 0
L 149.37186026 95.993204 149.37186026 97.58854498 4 P 0
L 149.37186026 97.58854498 149.10597052 97.58854498 4 P 0
L 149.58660964 99.949 149.58660964 101.47250724 1 P 0
L 149.58660964 101.47250724 149.33269092 101.47250724 1 P 0
L 149.63775 95.993204 149.37186026 95.993204 4 P 0
L 149.72638076 93.99795526 149.28323204 93.99795526 1 P 0
L 149.84052582 99.949 149.58660964 99.949 1 P 0
L 150.16953202 92.66850402 150.16953202 93.33322964 1 P 0
L 150.16953202 93.33322964 151.055832 93.33322964 1 P 0
L 150.16953202 93.99795526 150.16953202 92.66850402 1 P 0
L 150.43542176 96.25909374 150.7013115 96.52498348 4 P 0
L 150.60227944 100.20291872 150.60227944 100.71075362 1 P 0
L 150.60227944 100.71075362 150.85619816 100.96467234 1 P 0
L 150.7013115 95.993204 150.43542176 96.25909374 4 P 0
L 150.7013115 96.52498348 151.49898326 96.52498348 4 P 0
L 150.7013115 97.0567655 151.23309098 97.0567655 4 P 0
L 150.85619816 99.949 150.60227944 100.20291872 1 P 0
L 150.85619816 100.96467234 151.36403306 100.96467234 1 P 0
L 151.055832 93.33322964 151.055832 93.99795526 1 P 0
L 151.055832 93.99795526 151.055832 92.66850402 1 P 0
L 151.23309098 97.0567655 151.49898326 96.79087322 4 P 0
L 151.36403306 99.949 150.85619816 99.949 1 P 0
L 151.36403306 100.96467234 151.61795178 100.71075362 1 P 0
L 151.49898326 95.993204 150.7013115 95.993204 4 P 0
L 151.49898326 96.79087322 151.49898326 95.993204 4 P 0
L 151.61795178 100.4568349 150.60227944 100.4568349 1 P 0
L 151.61795178 100.71075362 151.61795178 100.4568349 1 P 0
L 152.03076274 97.0567655 152.56254222 97.0567655 4 P 0
L 152.12578668 99.949 152.12578668 100.4568349 1 P 0
L 152.12578668 100.4568349 152.3797054 100.71075362 1 P 0
L 152.12578668 100.96467234 152.12578668 99.949 1 P 0
L 152.29665248 96.25909374 152.56254222 95.993204 4 P 0
L 152.29665248 97.0567655 152.03076274 97.0567655 4 P 0
L 152.29665248 97.0567655 152.29665248 96.25909374 4 P 0
L 152.29665248 97.32265524 152.29665248 97.0567655 4 P 0
L 152.3797054 100.71075362 152.63362158 100.96467234 1 P 0
L 152.56254222 97.0567655 152.29665248 97.0567655 4 P 0
L 152.63362158 100.96467234 152.8875403 100.96467234 1 P 0
L 153.36021398 96.25909374 153.36021398 96.79087322 4 P 0
L 153.36021398 96.79087322 153.62610372 97.0567655 4 P 0
L 153.62610372 95.993204 153.36021398 96.25909374 4 P 0
L 153.62610372 97.0567655 154.1578832 97.0567655 4 P 0
L 153.64929392 100.20291872 153.90321264 100.4568349 1 P 0
L 153.90321264 99.949 153.64929392 100.20291872 1 P 0
L 153.90321264 100.4568349 154.66496626 100.4568349 1 P 0
L 153.90321264 100.96467234 154.41104754 100.96467234 1 P 0
L 154.1578832 95.993204 153.62610372 95.993204 4 P 0
L 154.1578832 97.0567655 154.42377548 96.79087322 4 P 0
L 154.41104754 100.96467234 154.66496626 100.71075362 1 P 0
L 154.42377548 96.52498348 153.36021398 96.52498348 4 P 0
L 154.42377548 96.79087322 154.42377548 96.52498348 4 P 0
L 154.66496626 99.949 153.90321264 99.949 1 P 0
L 154.66496626 100.71075362 154.66496626 99.949 1 P 0
L 154.95555496 96.25909374 154.95555496 96.79087322 4 P 0
L 154.95555496 96.79087322 155.2214447 97.0567655 4 P 0
L 155.17280116 99.949 155.17280116 100.96467234 1 P 0
L 155.17280116 100.96467234 155.93455478 100.96467234 1 P 0
L 155.2214447 95.993204 154.95555496 96.25909374 4 P 0
L 155.2214447 97.0567655 156.01911646 97.0567655 4 P 0
L 155.93455478 100.96467234 156.1884735 100.71075362 1 P 0
L 156.01911646 95.993204 155.2214447 95.993204 4 P 0
L 156.01911646 97.58854498 156.01911646 95.993204 4 P 0
L 156.1884735 100.71075362 156.1884735 99.949 1 P 0
L 156.6963084 100.20291872 156.95022712 99.949 1 P 0
L 156.6963084 100.71075362 156.6963084 100.20291872 1 P 0
L 156.95022712 99.949 157.71198074 99.949 1 P 0
L 156.95022712 100.96467234 156.6963084 100.71075362 1 P 0
L 157.71198074 100.96467234 156.95022712 100.96467234 1 P 0
L 157.8293262 88.3463943 157.8293262 98.32049424 0 P 0
L 158.21981564 100.20291872 158.21981564 100.71075362 1 P 0
L 158.21981564 100.71075362 158.47373436 100.96467234 1 P 0
L 158.47373436 99.949 158.21981564 100.20291872 1 P 0
L 158.47373436 100.96467234 158.98156926 100.96467234 1 P 0
L 158.82673594 92.66850402 158.82673594 93.99795526 1 P 0
L 158.82673594 93.99795526 159.49146156 93.99795526 1 P 0
L 158.82673594 95.993204 158.82673594 96.79087322 4 P 0
L 158.82673594 96.79087322 159.89029744 96.79087322 4 P 0
L 158.82673594 97.58854498 158.82673594 95.993204 4 P 0
L 158.98156926 99.949 158.47373436 99.949 1 P 0
L 158.98156926 100.96467234 159.23548798 100.71075362 1 P 0
L 159.23548798 100.4568349 158.21981564 100.4568349 1 P 0
L 159.23548798 100.71075362 159.23548798 100.4568349 1 P 0
L 159.2698872 93.11165528 159.71303592 92.66850402 1 P 0
L 159.49146156 93.11165528 158.82673594 93.11165528 1 P 0
L 159.49146156 93.99795526 159.71303592 93.77637836 1 P 0
L 159.71303592 93.33322964 159.49146156 93.11165528 1 P 0
L 159.71303592 93.77637836 159.71303592 93.33322964 1 P 0
L 159.89029744 96.79087322 159.89029744 97.58854498 4 P 0
L 159.89029744 97.58854498 159.89029744 95.993204 4 P 0
L 160.15618718 92.89007838 160.37776154 92.66850402 1 P 0
L 160.15618718 93.33322964 160.15618718 92.89007838 1 P 0
L 160.37776154 92.66850402 160.8209128 92.66850402 1 P 0
L 160.37776154 93.554804 160.15618718 93.33322964 1 P 0
L 160.42207692 96.25909374 160.68796666 95.993204 4 P 0
L 160.42207692 96.79087322 160.42207692 96.25909374 4 P 0
L 160.68796666 95.993204 161.21974614 95.993204 4 P 0
L 160.68796666 97.0567655 160.42207692 96.79087322 4 P 0
L 160.8209128 92.66850402 161.04248716 92.89007838 1 P 0
L 160.8209128 93.554804 160.37776154 93.554804 1 P 0
L 161.04248716 92.89007838 161.04248716 93.33322964 1 P 0
L 161.04248716 93.33322964 160.8209128 93.554804 1 P 0
L 161.21974614 95.993204 161.48563842 96.25909374 4 P 0
L 161.21974614 97.0567655 160.68796666 97.0567655 4 P 0
L 161.48563842 92.89007838 161.70721278 92.66850402 1 P 0
L 161.48563842 93.554804 161.48563842 92.89007838 1 P 0
L 161.48563842 96.25909374 161.48563842 96.79087322 4 P 0
L 161.48563842 96.79087322 161.21974614 97.0567655 4 P 0
L 161.70721278 92.66850402 162.3719384 92.66850402 1 P 0
L 162.0174179 95.993204 162.54919738 95.993204 4 P 0
L 162.28330764 95.993204 162.28330764 97.58854498 4 P 0
L 162.28330764 97.58854498 162.0174179 97.58854498 4 P 0
L 162.3719384 92.66850402 162.3719384 93.554804 1 P 0
L 162.54919738 95.993204 162.28330764 95.993204 4 P 0
L 162.81508966 92.66850402 162.81508966 93.554804 1 P 0
L 162.81508966 93.554804 163.47981528 93.554804 1 P 0
L 163.34686914 96.25909374 163.34686914 96.79087322 4 P 0
L 163.34686914 96.79087322 163.61275888 97.0567655 4 P 0
L 163.47981528 93.554804 163.70138964 93.33322964 1 P 0
L 163.61275888 95.993204 163.34686914 96.25909374 4 P 0
L 163.61275888 97.0567655 164.14453836 97.0567655 4 P 0
L 163.70138964 93.33322964 163.70138964 92.66850402 1 P 0
L 164.14453836 95.993204 163.61275888 95.993204 4 P 0
L 164.14453836 97.0567655 164.41043064 96.79087322 4 P 0
L 164.1445409 92.89007838 164.1445409 93.33322964 1 P 0
L 164.1445409 93.33322964 164.36611526 93.554804 1 P 0
L 164.36611526 92.66850402 164.1445409 92.89007838 1 P 0
L 164.36611526 93.554804 165.03084088 93.554804 1 P 0
L 164.41043064 96.52498348 163.34686914 96.52498348 4 P 0
L 164.41043064 96.79087322 164.41043064 96.52498348 4 P 0
L 165.03084088 92.66850402 164.36611526 92.66850402 1 P 0
L 165.03084088 93.99795526 165.03084088 92.66850402 1 P 0
L 166.5375511 97.58854498 167.6011126 97.58854498 4 P 0
L 167.06933058 97.58854498 167.06933058 95.993204 4 P 0
L 167.6011126 97.58854498 167.06933058 97.58854498 4 P 0
L 168.13289208 96.25909374 168.39878182 95.993204 4 P 0
L 168.13289208 97.0567655 168.13289208 96.25909374 4 P 0
L 168.39878182 95.993204 169.19645358 95.993204 4 P 0
L 168.9305613 95.46142452 168.66467156 95.46142452 4 P 0
L 169.19645358 95.72731426 168.9305613 95.46142452 4 P 0
L 169.19645358 95.993204 169.19645358 95.72731426 4 P 0
L 169.19645358 95.993204 169.19645358 97.0567655 4 P 0
L 169.72823306 95.46142452 169.72823306 97.0567655 4 P 0
L 169.72823306 97.0567655 170.52590228 97.0567655 4 P 0
L 170.52590228 95.993204 169.72823306 95.993204 4 P 0
L 170.52590228 97.0567655 170.79179456 96.79087322 4 P 0
L 170.79179456 96.25909374 170.52590228 95.993204 4 P 0
L 170.79179456 96.79087322 170.79179456 96.25909374 4 P 0
L 171.32357404 96.25909374 171.32357404 96.79087322 4 P 0
L 171.32357404 96.79087322 171.58946378 97.0567655 4 P 0
L 171.58946378 95.993204 171.32357404 96.25909374 4 P 0
L 171.58946378 97.0567655 172.12124326 97.0567655 4 P 0
L 172.12124326 95.993204 171.58946378 95.993204 4 P 0
L 172.12124326 97.0567655 172.38713554 96.79087322 4 P 0
L 172.38713554 96.52498348 171.32357404 96.52498348 4 P 0
L 172.38713554 96.79087322 172.38713554 96.52498348 4 P 0
L 174.19734528 88.3463943 174.19734528 98.32049424 0 P 0
L 175.19475502 92.66850402 176.081055 92.66850402 1 P 0
L 175.19475502 93.99795526 175.19475502 92.66850402 1 P 0
L 175.19475502 95.993204 175.99242424 95.993204 4 P 0
L 175.19475502 97.58854498 175.19475502 95.993204 4 P 0
L 175.99242424 95.993204 176.25831652 96.25909374 4 P 0
L 175.99242424 97.58854498 175.19475502 97.58854498 4 P 0
L 176.25831652 96.25909374 176.25831652 97.32265524 4 P 0
L 176.25831652 97.32265524 175.99242424 97.58854498 4 P 0
L 176.52420626 92.66850402 177.41050624 93.554804 1 P 0
L 176.74578062 93.99795526 176.52420626 93.77637836 1 P 0
L 176.790096 95.993204 176.790096 96.52498348 4 P 0
L 176.790096 96.52498348 177.05598574 96.79087322 4 P 0
L 176.790096 97.0567655 176.790096 95.993204 4 P 0
L 177.05598574 96.79087322 177.32187548 97.0567655 4 P 0
L 177.18893188 93.99795526 176.74578062 93.99795526 1 P 0
L 177.32187548 97.0567655 177.58776522 97.0567655 4 P 0
L 177.41050624 92.66850402 176.52420626 92.66850402 1 P 0
L 177.41050624 93.554804 177.41050624 93.77637836 1 P 0
L 177.41050624 93.77637836 177.18893188 93.99795526 1 P 0
L 178.38543698 95.993204 178.91721646 95.993204 4 P 0
L 178.65132672 95.993204 178.65132672 97.0567655 4 P 0
L 178.65132672 97.0567655 178.38543698 97.0567655 4 P 0
L 178.91721646 95.993204 178.65132672 95.993204 4 P 0
L 179.18310874 93.33322964 180.06940872 93.33322964 1 P 0
L 179.71488822 95.993204 180.2466677 95.993204 4 P 0
L 179.98077796 95.993204 179.98077796 97.58854498 4 P 0
L 179.98077796 97.58854498 179.71488822 97.58854498 4 P 0
L 180.2466677 95.993204 179.98077796 95.993204 4 P 0
L 181.04433946 95.993204 181.57611894 95.993204 4 P 0
L 181.3102292 95.993204 181.3102292 97.58854498 4 P 0
L 181.3102292 97.58854498 181.04433946 97.58854498 4 P 0
L 181.57611894 95.993204 181.3102292 95.993204 4 P 0
L 181.84201122 92.66850402 182.7283112 92.66850402 1 P 0
L 181.84201122 93.99795526 181.84201122 92.66850402 1 P 0
L 183.17146246 93.77637836 183.39303682 93.99795526 1 P 0
L 183.39303682 92.66850402 183.17146246 92.89007838 1 P 0
L 183.39303682 93.99795526 183.83618808 93.99795526 1 P 0
L 183.61461372 93.33322964 183.83618808 93.33322964 1 P 0
L 183.83618808 92.66850402 183.39303682 92.66850402 1 P 0
L 183.83618808 93.33322964 183.61461372 93.33322964 1 P 0
L 183.83618808 93.33322964 184.05776244 93.11165528 1 P 0
L 183.83618808 93.99795526 184.05776244 93.77637836 1 P 0
L 183.96913168 95.993204 185.03269318 95.993204 4 P 0
L 183.96913168 97.58854498 183.96913168 95.993204 4 P 0
L 184.05776244 92.89007838 183.83618808 92.66850402 1 P 0
L 184.05776244 93.11165528 184.05776244 92.89007838 1 P 0
L 184.05776244 93.554804 183.83618808 93.33322964 1 P 0
L 184.05776244 93.77637836 184.05776244 93.554804 1 P 0
L 185.56447266 96.25909374 185.8303624 96.52498348 4 P 0
L 185.8303624 95.993204 185.56447266 96.25909374 4 P 0
L 185.8303624 96.52498348 186.62803416 96.52498348 4 P 0
L 185.8303624 97.0567655 186.36214188 97.0567655 4 P 0
L 186.36214188 97.0567655 186.62803416 96.79087322 4 P 0
L 186.62803416 95.993204 185.8303624 95.993204 4 P 0
L 186.62803416 96.79087322 186.62803416 95.993204 4 P 0
L 187.15981364 96.25909374 187.42570338 95.993204 4 P 0
L 187.15981364 97.0567655 187.15981364 96.25909374 4 P 0
L 187.42570338 95.993204 188.22337514 95.993204 4 P 0
L 187.95748286 95.46142452 187.69159312 95.46142452 4 P 0
L 188.22337514 95.72731426 187.95748286 95.46142452 4 P 0
L 188.22337514 95.993204 188.22337514 95.72731426 4 P 0
L 188.22337514 95.993204 188.22337514 97.0567655 4 P 0
L 188.75515462 96.25909374 188.75515462 96.79087322 4 P 0
L 188.75515462 96.79087322 189.02104436 97.0567655 4 P 0
L 189.02104436 95.993204 188.75515462 96.25909374 4 P 0
L 189.02104436 97.0567655 189.55282384 97.0567655 4 P 0
L 189.55282384 95.993204 189.02104436 95.993204 4 P 0
L 189.55282384 97.0567655 189.81871612 96.79087322 4 P 0
L 189.81871612 96.52498348 188.75515462 96.52498348 4 P 0
L 189.81871612 96.79087322 189.81871612 96.52498348 4 P 0
L 190.3504956 95.993204 190.3504956 96.52498348 4 P 0
L 190.3504956 96.52498348 190.61638534 96.79087322 4 P 0
L 190.3504956 97.0567655 190.3504956 95.993204 4 P 0
L 190.61638534 96.79087322 190.88227508 97.0567655 4 P 0
L 190.88227508 97.0567655 191.14816482 97.0567655 4 P 0
L 193.54117756 95.993204 193.54117756 97.58854498 4 P 0
L 193.54117756 97.58854498 194.33884678 97.58854498 4 P 0
L 194.33884678 96.52498348 193.54117756 96.52498348 4 P 0
L 194.33884678 97.58854498 194.60473906 97.32265524 4 P 0
L 194.60473906 96.79087322 194.33884678 96.52498348 4 P 0
L 194.60473906 97.32265524 194.60473906 96.79087322 4 P 0
L 195.13651854 96.25909374 195.40240828 96.52498348 4 P 0
L 195.40240828 95.993204 195.13651854 96.25909374 4 P 0
L 195.40240828 96.52498348 196.20008004 96.52498348 4 P 0
L 195.40240828 97.0567655 195.93418776 97.0567655 4 P 0
L 195.93418776 97.0567655 196.20008004 96.79087322 4 P 0
L 196.20008004 95.993204 195.40240828 95.993204 4 P 0
L 196.20008004 96.79087322 196.20008004 95.993204 4 P 0
L 196.73185952 95.993204 197.263639 95.993204 4 P 0
L 196.99774926 95.993204 196.99774926 97.0567655 4 P 0
L 196.99774926 97.0567655 196.73185952 97.0567655 4 P 0
L 197.263639 95.993204 196.99774926 95.993204 4 P 0
L 198.06131076 95.993204 198.06131076 96.52498348 4 P 0
L 198.06131076 96.52498348 198.3272005 96.79087322 4 P 0
L 198.06131076 97.0567655 198.06131076 95.993204 4 P 0
L 198.3272005 96.79087322 198.59309024 97.0567655 4 P 0
L 198.59309024 97.0567655 198.85897998 97.0567655 4 P 0
L 201.66659946 88.3463943 201.66659946 98.32049424 0 P 0
L 204.5134086 -0.11490198 227.8814086 -0.11490198 3 P 0
L 204.5134086 -2.52790198 204.5134086 -0.11490198 3 P 0
L 204.5134086 -2.52790198 227.8814086 -2.52790198 3 P 0
L 211.11741114 -0.82631788 211.11741114 -1.84209944 5 P 0
L 211.11741114 -0.82631788 211.45600584 -0.82631788 5 P 0
L 211.45600584 -0.82631788 211.60111604 -0.8746871 5 P 0
L 211.45600584 -1.84209944 211.11741114 -1.84209944 5 P 0
L 211.60111604 -0.8746871 211.69785702 -0.97142808 5 P 0
L 211.60111604 -1.79372768 211.45600584 -1.84209944 5 P 0
L 211.69785702 -0.97142808 211.74622878 -1.06816906 5 P 0
L 211.69785702 -1.6969867 211.60111604 -1.79372768 5 P 0
L 211.74622878 -1.06816906 211.79460054 -1.2132818 5 P 0
L 211.74622878 -1.60024572 211.69785702 -1.6969867 5 P 0
L 211.79460054 -1.2132818 211.79460054 -1.45513552 5 P 0
L 211.79460054 -1.45513552 211.74622878 -1.60024572 5 P 0
L 212.0219407 -1.16491004 212.0219407 -1.84209944 5 P 0
L 212.0219407 -1.45513552 212.07031246 -1.31002278 5 P 0
L 212.07031246 -1.31002278 212.16705344 -1.2132818 5 P 0
L 212.16705344 -1.2132818 212.26379442 -1.16491004 5 P 0
L 212.26379442 -1.16491004 212.40890462 -1.16491004 5 P 0
L 212.59755042 -0.82631788 212.64592218 -0.8746871 5 P 0
L 212.64592218 -0.77794612 212.59755042 -0.82631788 5 P 0
L 212.64592218 -0.8746871 212.6942914 -0.82631788 5 P 0
L 212.64592218 -1.16491004 212.64592218 -1.84209944 5 P 0
L 212.6942914 -0.82631788 212.64592218 -0.77794612 5 P 0
L 212.87326234 -0.82631788 212.87326234 -1.84209944 5 P 0
L 213.08609402 -0.82631788 213.08609402 -1.84209944 5 P 0
L 214.09703942 -0.82631788 214.09703942 -1.84209944 5 P 0
L 214.09703942 -0.82631788 214.43563412 -0.82631788 5 P 0
L 214.43563412 -0.82631788 214.58074432 -0.8746871 5 P 0
L 214.43563412 -1.84209944 214.09703942 -1.84209944 5 P 0
L 214.58074432 -0.8746871 214.6774853 -0.97142808 5 P 0
L 214.58074432 -1.79372768 214.43563412 -1.84209944 5 P 0
L 214.6774853 -0.97142808 214.72585706 -1.06816906 5 P 0
L 214.6774853 -1.6969867 214.58074432 -1.79372768 5 P 0
L 214.72585706 -1.06816906 214.77422882 -1.2132818 5 P 0
L 214.72585706 -1.60024572 214.6774853 -1.6969867 5 P 0
L 214.77422882 -1.2132818 214.77422882 -1.45513552 5 P 0
L 214.77422882 -1.45513552 214.72585706 -1.60024572 5 P 0
L 215.00156898 -1.16491004 215.00156898 -1.84209944 5 P 0
L 215.00156898 -1.45513552 215.04994074 -1.31002278 5 P 0
L 215.04994074 -1.31002278 215.14668172 -1.2132818 5 P 0
L 215.14668172 -1.2132818 215.2434227 -1.16491004 5 P 0
L 215.2434227 -1.16491004 215.3885329 -1.16491004 5 P 0
L 215.48043772 -1.45513552 215.48043772 -1.5518765 5 P 0
L 215.48043772 -1.5518765 215.52880948 -1.6969867 5 P 0
L 215.52880948 -1.31002278 215.48043772 -1.45513552 5 P 0
L 215.52880948 -1.6969867 215.62555046 -1.79372768 5 P 0
L 215.62555046 -1.2132818 215.52880948 -1.31002278 5 P 0
L 215.62555046 -1.79372768 215.72229144 -1.84209944 5 P 0
L 215.72229144 -1.16491004 215.62555046 -1.2132818 5 P 0
L 215.72229144 -1.84209944 215.86740164 -1.84209944 5 P 0
L 215.86740164 -1.16491004 215.72229144 -1.16491004 5 P 0
L 215.86740164 -1.84209944 215.96414262 -1.79372768 5 P 0
L 215.96414262 -1.2132818 215.86740164 -1.16491004 5 P 0
L 215.96414262 -1.79372768 216.0608836 -1.6969867 5 P 0
L 216.0608836 -1.16491004 216.0608836 -1.84209944 5 P 0
L 216.0608836 -1.31002278 215.96414262 -1.2132818 5 P 0
L 216.33175936 -1.16491004 216.52524132 -1.84209944 5 P 0
L 216.71872328 -1.16491004 216.52524132 -1.84209944 5 P 0
L 216.71872328 -1.16491004 216.91220524 -1.84209944 5 P 0
L 217.10568974 -1.16491004 216.91220524 -1.84209944 5 P 0
L 217.43944574 -0.82631788 217.4878175 -0.8746871 5 P 0
L 217.4878175 -0.77794612 217.43944574 -0.82631788 5 P 0
L 217.4878175 -0.8746871 217.53618672 -0.82631788 5 P 0
L 217.4878175 -1.16491004 217.4878175 -1.84209944 5 P 0
L 217.53618672 -0.82631788 217.4878175 -0.77794612 5 P 0
L 217.71515766 -1.16491004 217.71515766 -1.84209944 5 P 0
L 217.71515766 -1.35839454 217.8602704 -1.2132818 5 P 0
L 217.8602704 -1.2132818 217.95701138 -1.16491004 5 P 0
L 217.95701138 -1.16491004 218.10212158 -1.16491004 5 P 0
L 218.10212158 -1.16491004 218.19886256 -1.2132818 5 P 0
L 218.19886256 -1.2132818 218.24723432 -1.35839454 5 P 0
L 218.24723432 -1.35839454 218.24723432 -1.84209944 5 P 0
L 218.51327138 -1.45513552 218.51327138 -1.5518765 5 P 0
L 218.51327138 -1.5518765 218.56164314 -1.6969867 5 P 0
L 218.56164314 -1.31002278 218.51327138 -1.45513552 5 P 0
L 218.56164314 -1.6969867 218.65838412 -1.79372768 5 P 0
L 218.65838412 -1.2132818 218.56164314 -1.31002278 5 P 0
L 218.65838412 -1.79372768 218.7551251 -1.84209944 5 P 0
L 218.7551251 -1.16491004 218.65838412 -1.2132818 5 P 0
L 218.7551251 -1.84209944 218.9002353 -1.84209944 5 P 0
L 218.7551251 -2.18069414 218.65838412 -2.13232238 5 P 0
L 218.9002353 -1.16491004 218.7551251 -1.16491004 5 P 0
L 218.9002353 -1.84209944 218.99697628 -1.79372768 5 P 0
L 218.9002353 -2.18069414 218.7551251 -2.18069414 5 P 0
L 218.99697628 -1.2132818 218.9002353 -1.16491004 5 P 0
L 218.99697628 -1.79372768 219.09371726 -1.6969867 5 P 0
L 218.99697628 -2.13232238 218.9002353 -2.18069414 5 P 0
L 219.04534804 -2.08395316 218.99697628 -2.13232238 5 P 0
L 219.09371726 -1.16491004 219.09371726 -1.93884042 5 P 0
L 219.09371726 -1.31002278 218.99697628 -1.2132818 5 P 0
L 219.09371726 -1.93884042 219.04534804 -2.08395316 5 P 0
L 227.8814086 -2.52790198 227.8814086 -0.11490198 3 P 0
P 206.9264086 -1.32140452 6 P 0 0
