UNITS=MM
#Layer_Color=16711935
#
#Feature symbol names
#
$0 r49.9999
$1 r99.9998
$2 r199.9996
$3 r49.9872
$4 r50.8
$5 r127
$6 rect4826x2413

#
#Feature attribute names
#
@0 .nomenclature
@1 .string
@2 .string_angle

#
#Feature attribute text strings
#
&0 Assembly Top

#
#Layer features
#
A 12.8515999 65.47300088 12.8515999 65.47300088 12.82659868 65.47300088 1 P 0 N
A 13.89682768 26.3809988 13.89682768 26.3809988 13.52099658 26.3809988 0 P 0 N
A 13.89682768 49.2409988 13.89682768 49.2409988 13.52099658 49.2409988 0 P 0 N
A 15.48499824 30.8492017 15.48499824 30.8492017 15.45999702 30.8492017 1 P 0 N
A 19.31999946 30.85700204 19.31999946 30.85700204 19.29499824 30.85700204 1 P 0 N
A 30.31148624 36.56060506 30.31148624 36.56060506 29.81148724 36.56060506 1 P 0 N
A 32.25111914 22.27699888 32.25111914 22.27699888 32.20111924 22.27699888 1 P 0 N
A 33.21699986 58.74599884 33.21699986 58.74599884 33.19199864 58.74599884 1 P 0 N
A 36.11000144 23.75060528 36.11000144 23.75060528 36.06000154 23.75060528 1 P 0 N
A 40.8363166 12.21220062 40.8363166 12.21220062 40.7863167 12.21220062 1 P 0 N
A 42.4839257 1.05308146 42.4839257 1.05308146 42.09391886 1.05308146 0 P 0 N
A 55.99400028 31.8571118 55.99400028 31.8571118 55.86899926 31.8571118 0 P 0 N
A 58.77993832 7.29600014 58.77993832 7.29600014 58.7459963 7.29600014 0 P 0 N
A 65.20499786 57.44399738 65.20499786 57.44399738 64.70499886 57.44399738 1 P 0 N
A 66.708274 43.97825088 66.708274 43.97825088 66.208275 43.97825088 1 P 0 N
A 66.7434403 36.58403148 66.7434403 36.58403148 66.2434413 36.58403148 1 P 0 N
A 71.96807806 15.81520078 71.96807806 15.81520078 71.79768978 15.81520078 0 P 0 N
A 73.13608436 8.79391942 73.13608436 8.79391942 72.74607752 8.79391942 0 P 0 N
A 80.9273845 15.81500012 80.9273845 15.81500012 80.75699622 15.81500012 0 P 0 N
A 86.7468293 27.78100108 86.7468293 27.78100108 86.3709982 27.78100108 0 P 0 N
A 86.74683184 50.64100108 86.74683184 50.64100108 86.37100074 50.64100108 0 P 0 N
A 88.383237 65.53540106 88.383237 65.53540106 88.22059826 65.53540106 0 P 0 N
L 2.99999908 10.53999924 2.99999908 61.33999924 2 P 0
L 2.99999908 10.53999924 7.99999924 10.53999924 2 P 0
L 2.99999908 61.33999924 7.99999924 61.33999924 2 P 0
L 7.99999924 10.53999924 7.99999924 61.33999924 2 P 0
L 9.635998 65.13399978 9.635998 69.18400184 0 P 0
L 9.635998 65.13399978 14.03599936 65.13399978 0 P 0
L 9.635998 69.18400184 14.03599936 69.18400184 0 P 0
L 10.3969947 62.78660544 10.3969947 63.38660424 0 P 0
L 10.3969947 62.78660544 11.49699504 62.78660544 0 P 0
L 10.3969947 63.38660424 11.49699504 63.38660424 0 P 0
L 10.39699724 63.92280078 10.39699724 64.52279958 0 P 0
L 10.39699724 63.92280078 11.49699758 63.92280078 0 P 0
L 10.39699724 64.52279958 11.49699758 64.52279958 0 P 0
L 10.76999878 61.87927934 10.76999878 62.47927814 0 P 0
L 10.76999878 61.87927934 11.86999912 61.87927934 0 P 0
L 10.76999878 62.47927814 11.86999912 62.47927814 0 P 0
L 11.49699504 62.78660544 11.49699504 63.38660424 0 P 0
L 11.49699758 63.92280078 11.49699758 64.52279958 0 P 0
L 11.60279874 1.86639962 11.60279874 18.34140096 5 P 0
L 11.60279874 1.86639962 34.8528005 1.86639962 5 P 0
L 11.60279874 18.34140096 34.8528005 18.34140096 5 P 0
L 11.86999912 61.87927934 11.86999912 62.47927814 0 P 0
L 12.17499724 63.92280078 12.17499724 64.52279958 0 P 0
L 12.17499724 63.92280078 13.27499758 63.92280078 0 P 0
L 12.17499724 64.52279958 13.27499758 64.52279958 0 P 0
L 12.28616034 25.80599868 12.28616034 28.3560012 0 P 0
L 12.28616034 25.80599868 32.60616034 25.80599868 0 P 0
L 12.28616034 28.3560012 32.60616034 28.3560012 0 P 0
L 12.28616034 48.66599868 12.28616034 51.2160012 0 P 0
L 12.28616034 48.66599868 32.60616034 48.66599868 0 P 0
L 12.28616034 51.2160012 32.60616034 51.2160012 0 P 0
L 13.27499758 63.92280078 13.27499758 64.52279958 0 P 0
L 13.61384374 30.46699774 13.61384374 31.06699654 0 P 0
L 13.61384374 30.46699774 14.71384408 30.46699774 0 P 0
L 13.61384374 31.06699654 14.71384408 31.06699654 0 P 0
L 14.03599936 65.13399978 14.03599936 69.18400184 0 P 0
L 14.36144194 44.15899982 14.36144194 44.75899862 0 P 0
L 14.36144194 44.15899982 15.46144228 44.15899982 0 P 0
L 14.36144194 44.75899862 15.46144228 44.75899862 0 P 0
L 14.3812006 31.9112011 14.3812006 33.01120144 0 P 0
L 14.3812006 31.9112011 14.9811994 31.9112011 0 P 0
L 14.3812006 33.01120144 14.9811994 33.01120144 0 P 0
L 14.71384408 30.46699774 14.71384408 31.06699654 0 P 0
L 14.9811994 31.9112011 14.9811994 33.01120144 0 P 0
L 15.2849961 30.7492019 15.2849961 31.7491999 0 P 0
L 15.2849961 30.7492019 16.68499838 30.7492019 0 P 0
L 15.2849961 31.7491999 16.68499838 31.7491999 0 P 0
L 15.42139918 36.93379964 15.42139918 40.38380036 0 P 0
L 15.42139918 36.93379964 22.22140082 36.93379964 0 P 0
L 15.42139918 40.38380036 22.22140082 40.38380036 0 P 0
L 15.46144228 44.15899982 15.46144228 44.75899862 0 P 0
L 15.68666662 65.0590012 15.68666662 66.15900154 0 P 0
L 15.68666662 65.0590012 16.28666542 65.0590012 0 P 0
L 15.68666662 66.15900154 16.28666542 66.15900154 0 P 0
L 16.28666542 65.0590012 16.28666542 66.15900154 0 P 0
L 16.68499838 30.7492019 16.68499838 31.7491999 0 P 0
L 17.0014011 44.15899982 17.0014011 44.75899862 0 P 0
L 17.0014011 44.15899982 18.10140144 44.15899982 0 P 0
L 17.0014011 44.75899862 18.10140144 44.75899862 0 P 0
L 17.12949076 65.0590012 17.12949076 66.15900154 0 P 0
L 17.12949076 65.0590012 17.72948956 65.0590012 0 P 0
L 17.12949076 66.15900154 17.72948956 66.15900154 0 P 0
L 17.37539578 31.4585223 17.37539578 32.0585211 0 P 0
L 17.37539578 31.4585223 18.47539612 31.4585223 0 P 0
L 17.37539578 32.0585211 18.47539612 32.0585211 0 P 0
L 17.5094011 30.1292006 17.5094011 30.7291994 0 P 0
L 17.5094011 30.1292006 18.60940144 30.1292006 0 P 0
L 17.5094011 30.7291994 18.60940144 30.7291994 0 P 0
L 17.72948956 65.0590012 17.72948956 66.15900154 0 P 0
L 18.10140144 44.15899982 18.10140144 44.75899862 0 P 0
L 18.47539612 31.4585223 18.47539612 32.0585211 0 P 0
L 18.60940144 30.1292006 18.60940144 30.7291994 0 P 0
L 19.04599696 64.18399914 19.04599696 67.63399986 0 P 0
L 19.04599696 64.18399914 25.8459986 64.18399914 0 P 0
L 19.04599696 67.63399986 25.8459986 67.63399986 0 P 0
L 19.11999732 30.75700224 19.11999732 31.75700024 0 P 0
L 19.11999732 30.75700224 20.5199996 30.75700224 0 P 0
L 19.11999732 31.75700024 20.5199996 31.75700024 0 P 0
L 19.3949955 44.15899982 19.3949955 44.75899862 0 P 0
L 19.3949955 44.15899982 20.49499584 44.15899982 0 P 0
L 19.3949955 44.75899862 20.49499584 44.75899862 0 P 0
L 20.49499584 44.15899982 20.49499584 44.75899862 0 P 0
L 20.5199996 30.75700224 20.5199996 31.75700024 0 P 0
L 20.94039754 30.6169949 20.94039754 31.71699524 0 P 0
L 20.94039754 30.6169949 21.54039634 30.6169949 0 P 0
L 20.94039754 31.71699524 21.54039634 31.71699524 0 P 0
L 21.54039634 30.6169949 21.54039634 31.71699524 0 P 0
L 22.22140082 36.93379964 22.22140082 40.38380036 0 P 0
L 22.28916548 30.4521997 22.28916548 31.0521985 0 P 0
L 22.28916548 30.4521997 23.38916582 30.4521997 0 P 0
L 22.28916548 31.0521985 23.38916582 31.0521985 0 P 0
L 22.58939856 39.2478006 22.58939856 39.8477994 0 P 0
L 22.58939856 39.2478006 23.6893989 39.2478006 0 P 0
L 22.58939856 39.8477994 23.6893989 39.8477994 0 P 0
L 23.16599634 36.40879942 23.16599634 37.00879822 0 P 0
L 23.16599634 36.40879942 24.26599668 36.40879942 0 P 0
L 23.16599634 37.00879822 24.26599668 37.00879822 0 P 0
L 23.38916582 30.4521997 23.38916582 31.0521985 0 P 0
L 23.6893989 39.2478006 23.6893989 39.8477994 0 P 0
L 24.26599668 36.40879942 24.26599668 37.00879822 0 P 0
L 24.94999836 32.42820032 24.94999836 33.02819912 0 P 0
L 24.94999836 32.42820032 26.0499987 32.42820032 0 P 0
L 24.94999836 33.02819912 26.0499987 33.02819912 0 P 0
L 24.94999836 33.42504618 24.94999836 34.02504498 0 P 0
L 24.94999836 33.42504618 26.0499987 33.42504618 0 P 0
L 24.94999836 34.02504498 26.0499987 34.02504498 0 P 0
L 24.9500009 31.33207348 24.9500009 31.93207228 0 P 0
L 24.9500009 31.33207348 26.05000124 31.33207348 0 P 0
L 24.9500009 31.93207228 26.05000124 31.93207228 0 P 0
L 25.53648436 21.11399892 25.5364869 22.01399966 0 P 0
L 25.53648436 21.11399892 26.8364843 21.11399892 0 P 0
L 25.5364869 22.01399966 26.8364843 22.01399966 0 P 0
L 25.8459986 64.18399914 25.8459986 67.63399986 0 P 0
L 26.0499987 32.42820032 26.0499987 33.02819912 0 P 0
L 26.0499987 33.42504618 26.0499987 34.02504498 0 P 0
L 26.05000124 31.33207348 26.05000124 31.93207228 0 P 0
L 26.18648814 35.68560554 26.18648814 42.28560504 0 P 0
L 26.18648814 35.68560554 30.68648676 35.68560554 0 P 0
L 26.18648814 42.28560504 30.68648676 42.28560504 0 P 0
L 26.8364843 21.11399892 26.8364843 22.01399966 0 P 0
L 27.88599706 30.30699806 27.88599706 30.90699686 0 P 0
L 27.88599706 30.30699806 28.9859974 30.30699806 0 P 0
L 27.88599706 30.90699686 28.9859974 30.90699686 0 P 0
L 27.88599706 34.99560692 27.88599706 35.59560572 0 P 0
L 27.88599706 34.99560692 28.9859974 34.99560692 0 P 0
L 27.88599706 35.59560572 28.9859974 35.59560572 0 P 0
L 27.88599706 36.10110636 27.88599706 36.70110516 0 P 0
L 27.88599706 36.10110636 28.9859974 36.10110636 0 P 0
L 27.88599706 36.70110516 28.9859974 36.70110516 0 P 0
L 27.88599706 37.2066058 27.88599706 37.8066046 0 P 0
L 27.88599706 37.2066058 28.9859974 37.2066058 0 P 0
L 27.88599706 37.8066046 28.9859974 37.8066046 0 P 0
L 27.88599706 38.31210524 27.88599706 38.91210404 0 P 0
L 27.88599706 38.31210524 28.9859974 38.31210524 0 P 0
L 27.88599706 38.91210404 28.9859974 38.91210404 0 P 0
L 27.88599706 39.41760468 27.88599706 40.01760348 0 P 0
L 27.88599706 39.41760468 28.9859974 39.41760468 0 P 0
L 27.88599706 40.01760348 28.9859974 40.01760348 0 P 0
L 27.88599706 40.52310412 27.88599706 41.12310292 0 P 0
L 27.88599706 40.52310412 28.9859974 40.52310412 0 P 0
L 27.88599706 41.12310292 28.9859974 41.12310292 0 P 0
L 27.88599706 41.62860356 27.88599706 42.22860236 0 P 0
L 27.88599706 41.62860356 28.9859974 41.62860356 0 P 0
L 27.88599706 42.22860236 28.9859974 42.22860236 0 P 0
L 27.88599706 42.734103 27.88599706 43.3341018 0 P 0
L 27.88599706 42.734103 28.9859974 42.734103 0 P 0
L 27.88599706 43.3341018 28.9859974 43.3341018 0 P 0
L 27.8859996 43.83960244 27.8859996 44.43960124 0 P 0
L 27.8859996 43.83960244 28.98599994 43.83960244 0 P 0
L 27.8859996 44.43960124 28.98599994 44.43960124 0 P 0
L 28.23591762 57.54099744 28.23591762 58.14099624 0 P 0
L 28.23591762 57.54099744 29.33591796 57.54099744 0 P 0
L 28.23591762 58.14099624 29.33591796 58.14099624 0 P 0
L 28.5838011 46.3852006 28.5838011 46.9851994 0 P 0
L 28.5838011 46.3852006 29.68380144 46.3852006 0 P 0
L 28.5838011 46.9851994 29.68380144 46.9851994 0 P 0
L 28.8338006 32.06359856 28.8338006 33.1635989 0 P 0
L 28.8338006 32.06359856 29.4337994 32.06359856 0 P 0
L 28.8338006 33.1635989 29.4337994 33.1635989 0 P 0
L 28.9859974 30.30699806 28.9859974 30.90699686 0 P 0
L 28.9859974 34.99560692 28.9859974 35.59560572 0 P 0
L 28.9859974 36.10110636 28.9859974 36.70110516 0 P 0
L 28.9859974 37.2066058 28.9859974 37.8066046 0 P 0
L 28.9859974 38.31210524 28.9859974 38.91210404 0 P 0
L 28.9859974 39.41760468 28.9859974 40.01760348 0 P 0
L 28.9859974 40.52310412 28.9859974 41.12310292 0 P 0
L 28.9859974 41.62860356 28.9859974 42.22860236 0 P 0
L 28.9859974 42.734103 28.9859974 43.3341018 0 P 0
L 28.98599994 43.83960244 28.98599994 44.43960124 0 P 0
L 29.13388128 20.74799508 29.13388128 21.34798626 0 P 0
L 29.13388128 20.74799508 29.93388222 20.74799508 0 P 0
L 29.13388128 21.34798626 29.93388222 21.34798626 0 P 0
L 29.2002591 54.4059999 29.2002591 55.355998 0 P 0
L 29.2002591 54.4059999 30.90026078 54.4059999 0 P 0
L 29.2002591 55.355998 30.90026078 55.355998 0 P 0
L 29.33591796 57.54099744 29.33591796 58.14099624 0 P 0
L 29.4337994 32.06359856 29.4337994 33.1635989 0 P 0
L 29.68380144 46.3852006 29.68380144 46.9851994 0 P 0
L 29.93388222 20.74799508 29.93388222 21.34798626 0 P 0
L 30.02005426 57.54099744 30.02005426 58.14099624 0 P 0
L 30.02005426 57.54099744 31.1200546 57.54099744 0 P 0
L 30.02005426 58.14099624 31.1200546 58.14099624 0 P 0
L 30.03199734 21.82400004 30.03199734 22.92400038 0 P 0
L 30.03199734 21.82400004 30.63199614 21.82400004 0 P 0
L 30.03199734 22.92400038 30.63199614 22.92400038 0 P 0
L 30.61499846 30.29300012 30.61499846 33.3429991 0 P 0
L 30.61499846 30.29300012 32.0149982 30.29300012 0 P 0
L 30.61499846 33.3429991 32.0149982 33.3429991 0 P 0
L 30.63199614 21.82400004 30.63199614 22.92400038 0 P 0
L 30.68648676 35.68560554 30.68648676 42.28560504 0 P 0
L 30.90026078 54.4059999 30.90026078 55.355998 0 P 0
L 31.1200546 57.54099744 31.1200546 58.14099624 0 P 0
L 31.47899724 59.27199982 31.47899724 59.87199862 0 P 0
L 31.47899724 59.27199982 32.57899758 59.27199982 0 P 0
L 31.47899724 59.87199862 32.57899758 59.87199862 0 P 0
L 31.50499668 58.36299986 31.50499668 58.96299866 0 P 0
L 31.50499668 58.36299986 32.60499702 58.36299986 0 P 0
L 31.50499668 58.96299866 32.60499702 58.96299866 0 P 0
L 31.65899688 54.40600244 31.65899688 55.35600054 0 P 0
L 31.65899688 54.40600244 33.35899856 54.40600244 0 P 0
L 31.65899688 55.35600054 33.35899856 55.35600054 0 P 0
L 31.67605044 43.85376548 31.67605044 44.45376428 0 P 0
L 31.67605044 43.85376548 32.77605078 43.85376548 0 P 0
L 31.67605044 44.45376428 32.77605078 44.45376428 0 P 0
L 31.70112024 19.8269987 31.70112024 22.72699798 0 P 0
L 31.70112024 19.8269987 34.50111972 19.8269987 0 P 0
L 31.70112024 22.72699798 34.50111972 22.72699798 0 P 0
L 32.0149982 30.29300012 32.0149982 33.3429991 0 P 0
L 32.0959988 60.8680012 32.0959988 61.8179993 0 P 0
L 32.0959988 60.8680012 33.79600048 60.8680012 0 P 0
L 32.0959988 61.8179993 33.79600048 61.8179993 0 P 0
L 32.2039996 63.7578481 32.2039996 68.71300202 0 P 0
L 32.2039996 63.7578481 38.20399776 63.7578481 0 P 0
L 32.2039996 68.71300202 38.20399776 68.71300202 0 P 0
L 32.34000136 44.01999832 32.34000136 45.11999866 0 P 0
L 32.34000136 44.01999832 32.94000016 44.01999832 0 P 0
L 32.34000136 45.11999866 32.94000016 45.11999866 0 P 0
L 32.40499996 56.13699974 32.40499996 57.23700008 0 P 0
L 32.40499996 56.13699974 33.00499876 56.13699974 0 P 0
L 32.40499996 57.23700008 33.00499876 57.23700008 0 P 0
L 32.41112136 36.41099906 32.41112136 37.01099786 0 P 0
L 32.41112136 36.41099906 33.5111217 36.41099906 0 P 0
L 32.41112136 37.01099786 33.5111217 37.01099786 0 P 0
L 32.57899758 59.27199982 32.57899758 59.87199862 0 P 0
L 32.60499702 58.36299986 32.60499702 58.96299866 0 P 0
L 32.60616034 25.80599868 32.60616034 28.3560012 0 P 0
L 32.60616034 48.66599868 32.60616034 51.2160012 0 P 0
L 32.77605078 43.85376548 32.77605078 44.45376428 0 P 0
L 32.94000016 44.01999832 32.94000016 45.11999866 0 P 0
L 33.00499876 56.13699974 33.00499876 57.23700008 0 P 0
L 33.01699772 58.64599904 33.01699772 59.64599704 0 P 0
L 33.01699772 58.64599904 34.417 58.64599904 0 P 0
L 33.01699772 59.64599704 34.417 59.64599704 0 P 0
L 33.35899856 54.40600244 33.35899856 55.35600054 0 P 0
L 33.38320222 17.59039916 33.38320222 19.29040084 0 P 0
L 33.38320222 17.59039916 34.33320032 17.59039916 0 P 0
L 33.38320222 19.29040084 34.33320032 19.29040084 0 P 0
L 33.43540176 44.65510754 33.43540176 45.75510788 0 P 0
L 33.43540176 44.65510754 34.03540056 44.65510754 0 P 0
L 33.43540176 45.75510788 34.03540056 45.75510788 0 P 0
L 33.5111217 36.41099906 33.5111217 37.01099786 0 P 0
L 33.76000106 23.30060618 33.76000106 26.20060546 0 P 0
L 33.76000106 23.30060618 36.56000054 23.30060618 0 P 0
L 33.76000106 26.20060546 36.56000054 26.20060546 0 P 0
L 33.79600048 60.8680012 33.79600048 61.8179993 0 P 0
L 34.03540056 44.65510754 34.03540056 45.75510788 0 P 0
L 34.1980012 56.13699974 34.1980012 57.23700008 0 P 0
L 34.1980012 56.13699974 34.798 56.13699974 0 P 0
L 34.1980012 57.23700008 34.798 57.23700008 0 P 0
L 34.33320032 17.59039916 34.33320032 19.29040084 0 P 0
L 34.417 58.64599904 34.417 59.64599704 0 P 0
L 34.50111972 19.8269987 34.50111972 22.72699798 0 P 0
L 34.52960074 44.65510754 34.52960074 45.75510788 0 P 0
L 34.52960074 44.65510754 35.12959954 44.65510754 0 P 0
L 34.52960074 45.75510788 35.12959954 45.75510788 0 P 0
L 34.55599896 60.86799866 34.55599896 61.81799676 0 P 0
L 34.55599896 60.86799866 36.25600064 60.86799866 0 P 0
L 34.55599896 61.81799676 36.25600064 61.81799676 0 P 0
L 34.798 56.13699974 34.798 57.23700008 0 P 0
L 34.8528005 1.86639962 34.8528005 18.34140096 5 P 0
L 34.916999 59.29999824 34.916999 59.89999704 0 P 0
L 34.916999 59.29999824 36.01699934 59.29999824 0 P 0
L 34.916999 59.89999704 36.01699934 59.89999704 0 P 0
L 35.12959954 44.65510754 35.12959954 45.75510788 0 P 0
L 35.54196092 20.74653712 35.54196092 21.69653522 0 P 0
L 35.54196092 20.74653712 37.2419626 20.74653712 0 P 0
L 35.54196092 21.69653522 37.2419626 21.69653522 0 P 0
L 35.62379972 44.65510754 35.62379972 45.75510788 0 P 0
L 35.62379972 44.65510754 36.22379852 44.65510754 0 P 0
L 35.62379972 45.75510788 36.22379852 45.75510788 0 P 0
L 35.79620222 10.3623999 35.79620222 12.06240158 0 P 0
L 35.79620222 10.3623999 36.74620032 10.3623999 0 P 0
L 35.79620222 12.06240158 36.74620032 12.06240158 0 P 0
L 35.9212007 37.64030826 35.9212007 38.59030636 0 P 0
L 35.9212007 37.64030826 37.62120238 37.64030826 0 P 0
L 35.9212007 38.59030636 37.62120238 38.59030636 0 P 0
L 36.01699934 59.29999824 36.01699934 59.89999704 0 P 0
L 36.22379852 44.65510754 36.22379852 45.75510788 0 P 0
L 36.25600064 60.86799866 36.25600064 61.81799676 0 P 0
L 36.3800009 31.50514908 36.3800009 32.10514788 0 P 0
L 36.3800009 31.50514908 37.48000124 31.50514908 0 P 0
L 36.3800009 32.10514788 37.48000124 32.10514788 0 P 0
L 36.3800009 32.43008246 36.3800009 33.03008126 0 P 0
L 36.3800009 32.43008246 37.48000124 32.43008246 0 P 0
L 36.3800009 33.03008126 37.48000124 33.03008126 0 P 0
L 36.3800009 33.35501584 36.3800009 33.95501464 0 P 0
L 36.3800009 33.35501584 37.48000124 33.35501584 0 P 0
L 36.3800009 33.95501464 37.48000124 33.95501464 0 P 0
L 36.56000054 23.30060618 36.56000054 26.20060546 0 P 0
L 36.7179987 44.65510754 36.7179987 45.75510788 0 P 0
L 36.7179987 44.65510754 37.3179975 44.65510754 0 P 0
L 36.7179987 45.75510788 37.3179975 45.75510788 0 P 0
L 36.74620032 10.3623999 36.74620032 12.06240158 0 P 0
L 37.08791414 34.28259336 37.08791414 34.88259216 0 P 0
L 37.08791414 34.28259336 38.18791448 34.28259336 0 P 0
L 37.08791414 34.88259216 38.18791448 34.88259216 0 P 0
L 37.2419626 20.74653712 37.2419626 21.69653522 0 P 0
L 37.3179975 44.65510754 37.3179975 45.75510788 0 P 0
L 37.38000144 25.5700022 37.38000144 26.67000254 0 P 0
L 37.38000144 25.5700022 37.98000024 25.5700022 0 P 0
L 37.38000144 26.67000254 37.98000024 26.67000254 0 P 0
L 37.48000124 31.50514908 37.48000124 32.10514788 0 P 0
L 37.48000124 32.43008246 37.48000124 33.03008126 0 P 0
L 37.48000124 33.35501584 37.48000124 33.95501464 0 P 0
L 37.62120238 37.64030826 37.62120238 38.59030636 0 P 0
L 37.63791304 18.8903991 37.63791304 19.99039944 0 P 0
L 37.63791304 18.8903991 38.23791184 18.8903991 0 P 0
L 37.63791304 19.99039944 38.23791184 19.99039944 0 P 0
L 37.81219768 44.65510754 37.81219768 45.75510788 0 P 0
L 37.81219768 44.65510754 38.41219648 44.65510754 0 P 0
L 37.81219768 45.75510788 38.41219648 45.75510788 0 P 0
L 37.89299762 61.30200084 37.89299762 61.90199964 0 P 0
L 37.89299762 61.30200084 38.99299796 61.30200084 0 P 0
L 37.89299762 61.90199964 38.99299796 61.90199964 0 P 0
L 37.89300016 62.20120148 37.89300016 62.80120028 0 P 0
L 37.89300016 62.20120148 38.9930005 62.20120148 0 P 0
L 37.89300016 62.80120028 38.9930005 62.80120028 0 P 0
L 37.89300016 63.03940148 37.89300016 63.63940028 0 P 0
L 37.89300016 63.03940148 38.9930005 63.03940148 0 P 0
L 37.89300016 63.63940028 38.9930005 63.63940028 0 P 0
L 37.91899706 59.21360522 37.91899706 59.81360402 0 P 0
L 37.91899706 59.21360522 39.0189974 59.21360522 0 P 0
L 37.91899706 59.81360402 39.0189974 59.81360402 0 P 0
L 37.98000024 25.5700022 37.98000024 26.67000254 0 P 0
L 38.18791448 34.28259336 38.18791448 34.88259216 0 P 0
L 38.20399776 63.7578481 38.20399776 68.71300202 0 P 0
L 38.23791184 18.8903991 38.23791184 19.99039944 0 P 0
L 38.41219648 44.65510754 38.41219648 45.75510788 0 P 0
L 38.4901186 18.89040164 38.4901186 19.99040198 0 P 0
L 38.4901186 18.89040164 39.0901174 18.89040164 0 P 0
L 38.4901186 19.99040198 39.0901174 19.99040198 0 P 0
L 38.77700144 26.9767177 38.77700144 27.9267158 0 P 0
L 38.77700144 26.9767177 40.47700312 26.9767177 0 P 0
L 38.77700144 27.9267158 40.47700312 27.9267158 0 P 0
L 38.790118 11.23119928 38.790118 12.33119962 0 P 0
L 38.790118 11.23119928 39.3901168 11.23119928 0 P 0
L 38.790118 12.33119962 39.3901168 12.33119962 0 P 0
L 38.90639666 44.65510754 38.90639666 45.75510788 0 P 0
L 38.90639666 44.65510754 39.50639546 44.65510754 0 P 0
L 38.90639666 45.75510788 39.50639546 45.75510788 0 P 0
L 38.99299796 61.30200084 38.99299796 61.90199964 0 P 0
L 38.9930005 62.20120148 38.9930005 62.80120028 0 P 0
L 38.9930005 63.03940148 38.9930005 63.63940028 0 P 0
L 39.0189974 59.21360522 39.0189974 59.81360402 0 P 0
L 39.0901174 18.89040164 39.0901174 19.99040198 0 P 0
L 39.09416362 0.45308012 39.09416362 9.4528386 0 P 0
L 39.09416362 0.45308012 42.69391766 0.45308012 0 P 0
L 39.09416362 9.4528386 42.69391766 9.4528386 0 P 0
L 39.1414 35.15399878 39.1414 40.23403942 4 P 0
L 39.1414 35.15399878 46.7614 35.15399878 4 P 0
L 39.1414 40.23403942 46.76139746 40.23395814 0 P 0
L 39.18039916 33.63719968 39.18039916 34.58719778 0 P 0
L 39.18039916 33.63719968 40.88040084 33.63719968 0 P 0
L 39.18039916 34.58719778 40.88040084 34.58719778 0 P 0
L 39.33039886 18.8903991 39.33039886 19.99039944 0 P 0
L 39.33039886 18.8903991 39.93039766 18.8903991 0 P 0
L 39.33039886 19.99039944 39.93039766 19.99039944 0 P 0
L 39.3901168 11.23119928 39.3901168 12.33119962 0 P 0
L 39.50639546 44.65510754 39.50639546 45.75510788 0 P 0
L 39.93039766 18.8903991 39.93039766 19.99039944 0 P 0
L 40.1041997 64.48100134 40.1041997 67.48100042 3 P 0
L 40.1041997 64.48100134 43.20419858 64.48100134 3 P 0
L 40.1041997 67.48100042 43.20419858 67.48100042 3 P 0
L 40.17700118 26.9767177 40.17700118 27.9267158 0 P 0
L 40.17700118 26.9767177 41.87700286 26.9767177 0 P 0
L 40.17700118 27.9267158 41.87700286 27.9267158 0 P 0
L 40.19599276 55.13760372 40.19599276 55.73760252 0 P 0
L 40.19599276 55.13760372 41.2959931 55.13760372 0 P 0
L 40.19599276 55.73760252 41.2959931 55.73760252 0 P 0
L 40.1959953 56.16000198 40.1959953 56.76000078 0 P 0
L 40.1959953 56.16000198 41.29599564 56.16000198 0 P 0
L 40.1959953 56.76000078 41.29599564 56.76000078 0 P 0
L 40.1959953 57.16800098 40.1959953 57.76799978 0 P 0
L 40.1959953 57.16800098 41.29599564 57.16800098 0 P 0
L 40.1959953 57.76799978 41.29599564 57.76799978 0 P 0
L 40.1959953 58.20400094 40.1959953 58.80399974 0 P 0
L 40.1959953 58.20400094 41.29599564 58.20400094 0 P 0
L 40.1959953 58.80399974 41.29599564 58.80399974 0 P 0
L 40.1959953 59.22600042 40.1959953 59.82599922 0 P 0
L 40.1959953 59.22600042 41.29599564 59.22600042 0 P 0
L 40.1959953 59.82599922 41.29599564 59.82599922 0 P 0
L 40.23799928 18.94900198 40.23799928 20.04900232 0 P 0
L 40.23799928 18.94900198 40.83799808 18.94900198 0 P 0
L 40.23799928 20.04900232 40.83799808 20.04900232 0 P 0
L 40.2863177 9.76220044 40.2863177 12.66219972 0 P 0
L 40.2863177 9.76220044 43.08631718 9.76220044 0 P 0
L 40.2863177 12.66219972 43.08631718 12.66219972 0 P 0
L 40.47700312 26.9767177 40.47700312 27.9267158 0 P 0
L 40.83799808 18.94900198 40.83799808 20.04900232 0 P 0
L 40.88040084 33.63719968 40.88040084 34.58719778 0 P 0
L 41.12699928 18.94900198 41.12699928 20.04900232 0 P 0
L 41.12699928 18.94900198 41.72699808 18.94900198 0 P 0
L 41.12699928 20.04900232 41.72699808 20.04900232 0 P 0
L 41.2959931 55.13760372 41.2959931 55.73760252 0 P 0
L 41.29599564 56.16000198 41.29599564 56.76000078 0 P 0
L 41.29599564 57.16800098 41.29599564 57.76799978 0 P 0
L 41.29599564 58.20400094 41.29599564 58.80399974 0 P 0
L 41.29599564 59.22600042 41.29599564 59.82599922 0 P 0
L 41.72699808 18.94900198 41.72699808 20.04900232 0 P 0
L 41.87700286 26.9767177 41.87700286 27.9267158 0 P 0
L 42.01599928 18.94900198 42.01599928 20.04900232 0 P 0
L 42.01599928 18.94900198 42.61599808 18.94900198 0 P 0
L 42.01599928 20.04900232 42.61599808 20.04900232 0 P 0
L 42.32300146 22.6209987 42.32300146 24.22100058 0 P 0
L 42.32300146 22.6209987 43.52299906 22.6209987 0 P 0
L 42.32300146 24.22100058 43.52299906 24.22100058 0 P 0
L 42.61599808 18.94900198 42.61599808 20.04900232 0 P 0
L 42.69391766 0.45308012 42.69391766 9.4528386 0 P 0
L 42.74300062 25.42400046 42.74300062 26.02399926 0 P 0
L 42.74300062 25.42400046 43.84299842 25.42400046 0 P 0
L 42.74300062 26.02399926 43.84299842 26.02399926 0 P 0
L 42.85699836 18.62400136 42.85699836 20.3740004 0 P 0
L 42.85699836 18.62400136 43.806999 18.62400136 0 P 0
L 42.85699836 20.3740004 43.806999 20.3740004 0 P 0
L 43.08631718 9.76220044 43.08631718 12.66219972 0 P 0
L 43.20419858 64.48100134 43.20419858 67.48100042 3 P 0
L 43.46499816 26.6389993 43.46499816 27.2389981 0 P 0
L 43.46499816 26.6389993 44.5649985 26.6389993 0 P 0
L 43.46499816 27.2389981 44.5649985 27.2389981 0 P 0
L 43.52299906 22.6209987 43.52299906 24.22100058 0 P 0
L 43.59199816 27.44900022 43.59199816 28.04899902 0 P 0
L 43.59199816 27.44900022 44.6919985 27.44900022 0 P 0
L 43.59199816 28.04899902 44.6919985 28.04899902 0 P 0
L 43.7230012 32.0379979 43.7230012 33.13799824 0 P 0
L 43.7230012 32.0379979 44.323 32.0379979 0 P 0
L 43.7230012 33.13799824 44.323 33.13799824 0 P 0
L 43.72339998 32.03819856 43.72339998 33.1381989 0 P 0
L 43.72339998 32.03819856 44.32339878 32.03819856 0 P 0
L 43.72339998 33.1381989 44.32339878 33.1381989 0 P 0
L 43.74459628 32.0278125 43.74459628 33.12781284 0 P 0
L 43.74459628 32.0278125 44.34459508 32.0278125 0 P 0
L 43.74459628 33.12781284 44.34459508 33.12781284 0 P 0
L 43.79399928 16.79000198 43.79399928 17.89000232 0 P 0
L 43.79399928 16.79000198 44.39399808 16.79000198 0 P 0
L 43.79399928 17.89000232 44.39399808 17.89000232 0 P 0
L 43.806999 18.62400136 43.806999 20.3740004 0 P 0
L 43.84299842 25.42400046 43.84299842 26.02399926 0 P 0
L 43.9214006 11.21019856 43.9214006 12.3101989 0 P 0
L 43.9214006 11.21019856 44.5213994 11.21019856 0 P 0
L 43.9214006 12.3101989 44.5213994 12.3101989 0 P 0
L 43.96199996 30.1169959 43.96199996 31.21699624 0 P 0
L 43.96199996 30.1169959 44.56199876 30.1169959 0 P 0
L 43.96199996 31.21699624 44.56199876 31.21699624 0 P 0
L 44.09879928 18.84739944 44.09879928 19.94739978 0 P 0
L 44.09879928 18.84739944 44.69879808 18.84739944 0 P 0
L 44.09879928 19.94739978 44.69879808 19.94739978 0 P 0
L 44.23400094 24.54099994 44.23400094 25.64100028 0 P 0
L 44.23400094 24.54099994 44.83399974 24.54099994 0 P 0
L 44.23400094 25.64100028 44.83399974 25.64100028 0 P 0
L 44.27139736 41.4560766 44.27139736 47.25607516 2 P 0
L 44.27139736 41.4560766 55.60139756 41.4560766 2 P 0
L 44.27139736 47.25607516 55.60139756 47.25607516 2 P 0
L 44.323 32.0379979 44.323 33.13799824 0 P 0
L 44.32339878 32.03819856 44.32339878 33.1381989 0 P 0
L 44.34459508 32.0278125 44.34459508 33.12781284 0 P 0
L 44.39399808 16.79000198 44.39399808 17.89000232 0 P 0
L 44.5213994 11.21019856 44.5213994 12.3101989 0 P 0
L 44.5564006 32.03819856 44.5564006 33.1381989 0 P 0
L 44.5564006 32.03819856 45.1563994 32.03819856 0 P 0
L 44.5564006 33.1381989 45.1563994 33.1381989 0 P 0
L 44.56199876 30.1169959 44.56199876 31.21699624 0 P 0
L 44.5649985 26.6389993 44.5649985 27.2389981 0 P 0
L 44.60899892 21.98399718 44.60899892 23.08399752 0 P 0
L 44.60899892 21.98399718 45.20899772 21.98399718 0 P 0
L 44.60899892 23.08399752 45.20899772 23.08399752 0 P 0
L 44.6919985 27.44900022 44.6919985 28.04899902 0 P 0
L 44.69879808 18.84739944 44.69879808 19.94739978 0 P 0
L 44.73600146 55.33099678 44.73600146 69.63099612 0 P 0
L 44.73600146 55.33099678 55.13600098 55.33099678 0 P 0
L 44.73600146 69.63099612 55.13600098 69.63099612 0 P 0
L 44.81439856 54.2084006 44.81439856 54.8083994 0 P 0
L 44.81439856 54.2084006 45.9143989 54.2084006 0 P 0
L 44.81439856 54.8083994 45.9143989 54.8083994 0 P 0
L 44.83399974 24.54099994 44.83399974 25.64100028 0 P 0
L 45.01319928 18.84739944 45.01319928 19.94739978 0 P 0
L 45.01319928 18.84739944 45.61319808 18.84739944 0 P 0
L 45.01319928 19.94739978 45.61319808 19.94739978 0 P 0
L 45.1563994 32.03819856 45.1563994 33.1381989 0 P 0
L 45.19139806 43.80607444 45.19139806 44.90607478 0 P 0
L 45.19139806 43.80607444 45.79139686 43.80607444 0 P 0
L 45.19139806 44.90607478 45.79139686 44.90607478 0 P 0
L 45.20899772 21.98399718 45.20899772 23.08399752 0 P 0
L 45.34659968 9.10679916 45.34659968 10.80680084 0 P 0
L 45.34659968 9.10679916 46.29659778 9.10679916 0 P 0
L 45.34659968 10.80680084 46.29659778 10.80680084 0 P 0
L 45.39004892 52.4344011 45.39004892 53.53440144 0 P 0
L 45.39004892 52.4344011 45.99004772 52.4344011 0 P 0
L 45.39004892 53.53440144 45.99004772 53.53440144 0 P 0
L 45.52300014 0.63399924 45.52300014 7.63400048 5 P 0
L 45.52300014 0.63399924 53.4480008 0.63399924 5 P 0
L 45.52300014 7.63400048 53.4480008 7.63400048 5 P 0
L 45.61319808 18.84739944 45.61319808 19.94739978 0 P 0
L 45.72999998 14.7199985 45.72999998 15.81999884 0 P 0
L 45.72999998 14.7199985 46.32999878 14.7199985 0 P 0
L 45.72999998 15.81999884 46.32999878 15.81999884 0 P 0
L 45.74807208 16.34619794 45.74807208 17.44619828 0 P 0
L 45.74807208 16.34619794 46.34807088 16.34619794 0 P 0
L 45.74807208 17.44619828 46.34807088 17.44619828 0 P 0
L 45.79139686 43.80607444 45.79139686 44.90607478 0 P 0
L 45.87399766 22.12400198 45.87399766 23.22399978 0 P 0
L 45.87399766 22.12400198 46.47399646 22.12400198 0 P 0
L 45.87399766 23.22399978 46.47399646 23.22399978 0 P 0
L 45.89399508 15.36480036 45.89399508 15.96479916 0 P 0
L 45.89399508 15.36480036 46.99399542 15.36480036 0 P 0
L 45.89399508 15.96479916 46.99399542 15.96479916 0 P 0
L 45.89399508 16.19620078 45.89399508 16.79619958 0 P 0
L 45.89399508 16.19620078 46.99399542 16.19620078 0 P 0
L 45.89399508 16.79619958 46.99399542 16.79619958 0 P 0
L 45.9143989 54.2084006 45.9143989 54.8083994 0 P 0
L 45.99004772 52.4344011 45.99004772 53.53440144 0 P 0
L 46.25499766 32.03000198 46.25499766 33.13000232 0 P 0
L 46.25499766 32.03000198 46.85499646 32.03000198 0 P 0
L 46.25499766 33.13000232 46.85499646 33.13000232 0 P 0
L 46.29659778 9.10679916 46.29659778 10.80680084 0 P 0
L 46.32999878 14.7199985 46.32999878 15.81999884 0 P 0
L 46.34807088 16.34619794 46.34807088 17.44619828 0 P 0
L 46.46139806 43.80607444 46.46139806 44.90607478 0 P 0
L 46.46139806 43.80607444 47.06139686 43.80607444 0 P 0
L 46.46139806 44.90607478 47.06139686 44.90607478 0 P 0
L 46.47399646 22.12400198 46.47399646 23.22399978 0 P 0
L 46.7614 35.15399878 46.7614 40.23395814 4 P 0
L 46.85499646 32.03000198 46.85499646 33.13000232 0 P 0
L 46.89399562 23.00900148 46.89399562 23.60900028 0 P 0
L 46.89399562 23.00900148 47.99399596 23.00900148 0 P 0
L 46.89399562 23.60900028 47.99399596 23.60900028 0 P 0
L 46.8972011 54.2084006 46.8972011 54.8083994 0 P 0
L 46.8972011 54.2084006 47.99720144 54.2084006 0 P 0
L 46.8972011 54.8083994 47.99720144 54.8083994 0 P 0
L 46.99399542 15.36480036 46.99399542 15.96479916 0 P 0
L 46.99399542 16.19620078 46.99399542 16.79619958 0 P 0
L 47.06139686 43.80607444 47.06139686 44.90607478 0 P 0
L 47.06899908 8.89 47.06899908 11.43 4 P 0
L 47.06899908 11.43 52.14899908 11.43 4 P 0
L 47.14679928 50.59740198 47.14679928 51.69739978 0 P 0
L 47.14679928 50.59740198 47.74679808 50.59740198 0 P 0
L 47.14679928 51.69739978 47.74679808 51.69739978 0 P 0
L 47.19599908 8.89 52.14899908 8.89 4 P 0
L 47.52499766 21.48900198 47.52499766 22.58899978 0 P 0
L 47.52499766 21.48900198 48.12499646 21.48900198 0 P 0
L 47.52499766 22.58899978 48.12499646 22.58899978 0 P 0
L 47.73139806 43.80607444 47.73139806 44.90607478 0 P 0
L 47.73139806 43.80607444 48.33139686 43.80607444 0 P 0
L 47.73139806 44.90607478 48.33139686 44.90607478 0 P 0
L 47.74679808 50.59740198 47.74679808 51.69739978 0 P 0
L 47.99399596 23.00900148 47.99399596 23.60900028 0 P 0
L 47.99720144 54.2084006 47.99720144 54.8083994 0 P 0
L 48.08799882 34.13899954 48.08799882 39.9389981 2 P 0
L 48.08799882 34.13899954 51.79799902 34.13899954 2 P 0
L 48.08799882 39.9389981 51.79799902 39.9389981 2 P 0
L 48.12499646 21.48900198 48.12499646 22.58899978 0 P 0
L 48.2813995 50.32199994 48.2813995 51.92199928 0 P 0
L 48.2813995 50.32199994 51.58140052 50.32199994 0 P 0
L 48.2813995 51.92199928 51.58140052 51.92199928 0 P 0
L 48.33139686 43.80607444 48.33139686 44.90607478 0 P 0
L 48.46799552 53.13300016 48.46799552 53.73299896 0 P 0
L 48.46799552 53.13300016 49.56799586 53.13300016 0 P 0
L 48.46799552 53.73299896 49.56799586 53.73299896 0 P 0
L 48.89294514 32.70508318 48.89294514 33.30508198 0 P 0
L 48.89294514 32.70508318 49.99294548 32.70508318 0 P 0
L 48.89294514 33.30508198 49.99294548 33.30508198 0 P 0
L 49.00139806 43.80607444 49.00139806 44.90607478 0 P 0
L 49.00139806 43.80607444 49.60139686 43.80607444 0 P 0
L 49.00139806 44.90607478 49.60139686 44.90607478 0 P 0
L 49.17999816 21.61200148 49.17999816 22.21200028 0 P 0
L 49.17999816 21.61200148 50.27999596 21.61200148 0 P 0
L 49.17999816 22.21200028 50.27999596 22.21200028 0 P 0
L 49.19499686 52.47899842 49.19499686 53.57899876 0 P 0
L 49.19499686 52.47899842 49.79499566 52.47899842 0 P 0
L 49.19499686 53.57899876 49.79499566 53.57899876 0 P 0
L 49.39020094 13.08979856 49.39020094 14.1897989 0 P 0
L 49.39020094 13.08979856 49.99019974 13.08979856 0 P 0
L 49.39020094 14.1897989 49.99019974 14.1897989 0 P 0
L 49.56099816 22.62800148 49.56099816 23.22800028 0 P 0
L 49.56099816 22.62800148 50.66099596 22.62800148 0 P 0
L 49.56099816 23.22800028 50.66099596 23.22800028 0 P 0
L 49.56799586 53.13300016 49.56799586 53.73299896 0 P 0
L 49.60139686 43.80607444 49.60139686 44.90607478 0 P 0
L 49.79499566 52.47899842 49.79499566 53.57899876 0 P 0
L 49.80544776 11.88250862 49.80544776 12.48250742 0 P 0
L 49.80544776 11.88250862 50.9054481 11.88250862 0 P 0
L 49.80544776 12.48250742 50.9054481 12.48250742 0 P 0
L 49.99019974 13.08979856 49.99019974 14.1897989 0 P 0
L 49.99294548 32.70508318 49.99294548 33.30508198 0 P 0
L 50.04799744 52.47899842 50.04799744 53.57899876 0 P 0
L 50.04799744 52.47899842 50.64799624 52.47899842 0 P 0
L 50.04799744 53.57899876 50.64799624 53.57899876 0 P 0
L 50.250598 13.66579944 50.250598 14.76579978 0 P 0
L 50.250598 13.66579944 50.8505968 13.66579944 0 P 0
L 50.250598 14.76579978 50.8505968 14.76579978 0 P 0
L 50.27099928 53.13300016 50.27099928 53.73299896 0 P 0
L 50.27099928 53.13300016 51.37099962 53.13300016 0 P 0
L 50.27099928 53.73299896 51.37099962 53.73299896 0 P 0
L 50.27100182 43.80599824 50.27100182 44.90599858 0 P 0
L 50.27100182 43.80599824 50.87100062 43.80599824 0 P 0
L 50.27100182 44.90599858 50.87100062 44.90599858 0 P 0
L 50.27999596 21.61200148 50.27999596 22.21200028 0 P 0
L 50.42339928 15.26600198 50.42339928 16.36600232 0 P 0
L 50.42339928 15.26600198 51.02339808 15.26600198 0 P 0
L 50.42339928 16.36600232 51.02339808 16.36600232 0 P 0
L 50.64799624 52.47899842 50.64799624 53.57899876 0 P 0
L 50.66099596 22.62800148 50.66099596 23.22800028 0 P 0
L 50.8505968 13.66579944 50.8505968 14.76579978 0 P 0
L 50.87100062 43.80599824 50.87100062 44.90599858 0 P 0
L 50.9054481 11.88250862 50.9054481 12.48250742 0 P 0
L 51.02339808 15.26600198 51.02339808 16.36600232 0 P 0
L 51.20799766 21.48900198 51.20799766 22.58899978 0 P 0
L 51.20799766 21.48900198 51.80799646 21.48900198 0 P 0
L 51.20799766 22.58899978 51.80799646 22.58899978 0 P 0
L 51.3422011 32.6438006 51.3422011 33.2437994 0 P 0
L 51.3422011 32.6438006 52.44220144 32.6438006 0 P 0
L 51.3422011 33.2437994 52.44220144 33.2437994 0 P 0
L 51.37099962 53.13300016 51.37099962 53.73299896 0 P 0
L 51.54100182 43.80599824 51.54100182 44.90599858 0 P 0
L 51.54100182 43.80599824 52.14100062 43.80599824 0 P 0
L 51.54100182 44.90599858 52.14100062 44.90599858 0 P 0
L 51.58140052 50.32199994 51.58140052 51.92199928 0 P 0
L 51.79799902 34.13899954 51.79799902 39.9389981 2 P 0
L 51.80799646 21.48900198 51.80799646 22.58899978 0 P 0
L 51.89559598 12.8761998 51.89559598 16.87620196 1 P 0
L 51.89559598 12.8761998 55.89559814 12.8761998 1 P 0
L 51.89559598 16.87620196 55.89559814 16.87620196 1 P 0
L 52.09979928 50.62280198 52.09979928 51.72279978 0 P 0
L 52.09979928 50.62280198 52.69979808 50.62280198 0 P 0
L 52.09979928 51.72279978 52.69979808 51.72279978 0 P 0
L 52.14100062 43.80599824 52.14100062 44.90599858 0 P 0
L 52.14899908 8.89 52.14899908 11.43 4 P 0
L 52.37919928 10.33840198 52.37919928 11.43840232 0 P 0
L 52.37919928 10.33840198 52.97919808 10.33840198 0 P 0
L 52.37919928 11.43840232 52.97919808 11.43840232 0 P 0
L 52.44220144 32.6438006 52.44220144 33.2437994 0 P 0
L 52.46699946 21.13499964 52.46699946 22.88499868 0 P 0
L 52.46699946 21.13499964 53.41699756 21.13499964 0 P 0
L 52.46699946 22.88499868 53.41699756 22.88499868 0 P 0
L 52.69979808 50.62280198 52.69979808 51.72279978 0 P 0
L 52.80813924 33.65000128 52.80813924 34.75000162 0 P 0
L 52.80813924 33.65000128 53.40813804 33.65000128 0 P 0
L 52.80813924 34.75000162 53.40813804 34.75000162 0 P 0
L 52.81100182 43.80607444 52.81100182 44.90607478 0 P 0
L 52.81100182 43.80607444 53.41100062 43.80607444 0 P 0
L 52.81100182 44.90607478 53.41100062 44.90607478 0 P 0
L 52.97919808 10.33840198 52.97919808 11.43840232 0 P 0
L 53.24399816 24.53300148 53.24399816 25.13300028 0 P 0
L 53.24399816 24.53300148 54.3439985 24.53300148 0 P 0
L 53.24399816 25.13300028 54.3439985 25.13300028 0 P 0
L 53.24399816 27.58100148 53.24399816 28.18100028 0 P 0
L 53.24399816 27.58100148 54.3439985 27.58100148 0 P 0
L 53.24399816 28.18100028 54.3439985 28.18100028 0 P 0
L 53.24399816 30.24800148 53.24399816 30.84800028 0 P 0
L 53.24399816 30.24800148 54.3439985 30.24800148 0 P 0
L 53.24399816 30.84800028 54.3439985 30.84800028 0 P 0
L 53.34499618 52.23111982 53.34499618 52.83111862 0 P 0
L 53.34499618 52.23111982 54.44499652 52.23111982 0 P 0
L 53.34499618 52.83111862 54.44499652 52.83111862 0 P 0
L 53.34499618 53.20916206 53.34499618 53.80916086 0 P 0
L 53.34499618 53.20916206 54.44499652 53.20916206 0 P 0
L 53.34499618 53.80916086 54.44499652 53.80916086 0 P 0
L 53.36699766 10.33839944 53.36699766 11.43839978 0 P 0
L 53.36699766 10.33839944 53.96699646 10.33839944 0 P 0
L 53.36699766 11.43839978 53.96699646 11.43839978 0 P 0
L 53.40813804 33.65000128 53.40813804 34.75000162 0 P 0
L 53.41100062 43.80607444 53.41100062 44.90607478 0 P 0
L 53.41699756 21.13499964 53.41699756 22.88499868 0 P 0
L 53.4480008 0.63399924 53.4480008 7.63400048 5 P 0
L 53.67699958 21.13799938 53.67699958 22.88799842 0 P 0
L 53.67699958 21.13799938 54.62699768 21.13799938 0 P 0
L 53.67699958 22.88799842 54.62699768 22.88799842 0 P 0
L 53.7972 35.15399878 53.7972 40.23403942 4 P 0
L 53.7972 35.15399878 61.4172 35.15399878 4 P 0
L 53.7972 40.23403942 61.41719746 40.23395814 0 P 0
L 53.96699646 10.33839944 53.96699646 11.43839978 0 P 0
L 54.08100182 43.80607444 54.08100182 44.90607478 0 P 0
L 54.08100182 43.80607444 54.68100062 43.80607444 0 P 0
L 54.08100182 44.90607478 54.68100062 44.90607478 0 P 0
L 54.23059766 10.33840198 54.23059766 11.43840232 0 P 0
L 54.23059766 10.33840198 54.83059646 10.33840198 0 P 0
L 54.23059766 11.43840232 54.83059646 11.43840232 0 P 0
L 54.3439985 24.53300148 54.3439985 25.13300028 0 P 0
L 54.3439985 27.58100148 54.3439985 28.18100028 0 P 0
L 54.3439985 30.24800148 54.3439985 30.84800028 0 P 0
L 54.43600238 55.33099678 55.13600098 56.08099782 0 P 0
L 54.44499652 52.23111982 54.44499652 52.83111862 0 P 0
L 54.44499652 53.20916206 54.44499652 53.80916086 0 P 0
L 54.62699768 21.13799938 54.62699768 22.88799842 0 P 0
L 54.68100062 43.80607444 54.68100062 44.90607478 0 P 0
L 54.83059646 10.33840198 54.83059646 11.43840232 0 P 0
L 54.89700222 21.20839802 54.89700222 22.9083997 0 P 0
L 54.89700222 21.20839802 55.84700032 21.20839802 0 P 0
L 54.89700222 22.9083997 55.84700032 22.9083997 0 P 0
L 55.13600098 55.33099678 55.13600098 69.63099612 0 P 0
L 55.17039766 10.33839944 55.17039766 11.43839978 0 P 0
L 55.17039766 10.33839944 55.77039646 10.33839944 0 P 0
L 55.17039766 11.43839978 55.77039646 11.43839978 0 P 0
L 55.3955966 16.87620196 55.89559814 16.37620042 1 P 0
L 55.60139756 41.4560766 55.60139756 47.25607516 2 P 0
L 55.62499924 30.39710964 55.62499924 32.04711142 0 P 0
L 55.62499924 30.39710964 56.87499928 30.39710964 0 P 0
L 55.62499924 32.04711142 56.87499928 32.04711142 0 P 0
L 55.77039646 10.33839944 55.77039646 11.43839978 0 P 0
L 55.82799858 17.73599958 55.82799858 18.83599992 0 P 0
L 55.82799858 17.73599958 56.42799738 17.73599958 0 P 0
L 55.82799858 18.83599992 56.42799738 18.83599992 0 P 0
L 55.84700032 21.20839802 55.84700032 22.9083997 0 P 0
L 55.89559814 12.8761998 55.89559814 16.87620196 1 P 0
L 55.96160766 32.3189346 55.96160766 32.9189334 0 P 0
L 55.96160766 32.3189346 57.061608 32.3189346 0 P 0
L 55.96160766 32.9189334 57.061608 32.9189334 0 P 0
L 56.09089112 3.02426624 56.09089112 4.12426658 0 P 0
L 56.09089112 3.02426624 56.69088992 3.02426624 0 P 0
L 56.09089112 4.12426658 56.69088992 4.12426658 0 P 0
L 56.11019766 10.82099944 56.11019766 11.92099978 0 P 0
L 56.11019766 10.82099944 56.71019646 10.82099944 0 P 0
L 56.11019766 11.92099978 56.71019646 11.92099978 0 P 0
L 56.16699206 33.16500098 56.16699206 33.76499978 0 P 0
L 56.16699206 33.16500098 57.2669924 33.16500098 0 P 0
L 56.16699206 33.76499978 57.2669924 33.76499978 0 P 0
L 56.42799738 17.73599958 56.42799738 18.83599992 0 P 0
L 56.54171826 26.46620056 56.54171826 27.06619936 0 P 0
L 56.54171826 26.46620056 57.6417186 26.46620056 0 P 0
L 56.54171826 27.06619936 57.6417186 27.06619936 0 P 0
L 56.5417208 27.75555028 56.5417208 28.35554908 0 P 0
L 56.5417208 27.75555028 57.64172114 27.75555028 0 P 0
L 56.5417208 28.35554908 57.64172114 28.35554908 0 P 0
L 56.58000114 29.07000028 56.58000114 29.66999908 0 P 0
L 56.58000114 29.07000028 57.68000148 29.07000028 0 P 0
L 56.58000114 29.66999908 57.68000148 29.66999908 0 P 0
L 56.69088992 3.02426624 56.69088992 4.12426658 0 P 0
L 56.71019646 10.82099944 56.71019646 11.92099978 0 P 0
L 56.87499928 30.39710964 56.87499928 32.04711142 0 P 0
L 56.91579168 22.4244535 56.91579168 23.0244523 0 P 0
L 56.91579168 22.4244535 58.01579202 22.4244535 0 P 0
L 56.91579168 23.0244523 58.01579202 23.0244523 0 P 0
L 56.94000042 41.28000126 56.94000042 42.3800016 0 P 0
L 56.94000042 41.28000126 57.53999922 41.28000126 0 P 0
L 56.94000042 42.3800016 57.53999922 42.3800016 0 P 0
L 57.061608 32.3189346 57.061608 32.9189334 0 P 0
L 57.21119622 15.09620044 57.21119622 17.19620132 0 P 0
L 57.21119622 15.09620044 58.9111979 15.09620044 0 P 0
L 57.21119622 17.19620132 58.9111979 17.19620132 0 P 0
L 57.23599932 18.02400002 57.23599932 18.62399882 0 P 0
L 57.23599932 18.02400002 58.33599966 18.02400002 0 P 0
L 57.23599932 18.62399882 58.33599966 18.62399882 0 P 0
L 57.2669924 33.16500098 57.2669924 33.76499978 0 P 0
L 57.47099758 -0.05899912 57.47099758 7.64100072 0 P 0
L 57.47099758 -0.05899912 66.42099746 -0.05899912 0 P 0
L 57.47099758 7.64100072 66.42099746 7.64100072 0 P 0
L 57.51759642 17.45439994 57.51759642 17.78440182 0 P 0
L 57.51759642 17.45439994 58.1475977 17.45439994 0 P 0
L 57.51759642 17.78440182 58.1475977 17.78440182 0 P 0
L 57.53999922 41.28000126 57.53999922 42.3800016 0 P 0
L 57.6200016 30.47000002 57.6200016 32.0700019 0 P 0
L 57.6200016 30.47000002 58.42 30.47000002 0 P 0
L 57.6200016 32.0700019 58.42 32.0700019 0 P 0
L 57.63389794 21.74770098 57.63389794 22.84770132 0 P 0
L 57.63389794 21.74770098 58.23389674 21.74770098 0 P 0
L 57.63389794 22.84770132 58.23389674 22.84770132 0 P 0
L 57.6417186 26.46620056 57.6417186 27.06619936 0 P 0
L 57.64172114 27.75555028 57.64172114 28.35554908 0 P 0
L 57.68000148 29.07000028 57.68000148 29.66999908 0 P 0
L 57.69622954 51.94960654 57.69622954 52.54960534 0 P 0
L 57.69622954 51.94960654 58.79622988 51.94960654 0 P 0
L 57.69622954 52.54960534 58.79622988 52.54960534 0 P 0
L 57.69723284 53.88160674 57.69723284 54.48160554 0 P 0
L 57.69723284 53.88160674 58.79723318 53.88160674 0 P 0
L 57.69723284 54.48160554 58.79723318 54.48160554 0 P 0
L 57.7062346 54.7706042 57.7062346 55.370603 0 P 0
L 57.7062346 54.7706042 58.80623494 54.7706042 0 P 0
L 57.7062346 55.370603 58.80623494 55.370603 0 P 0
L 57.70723028 50.17060578 57.70723028 50.77060458 0 P 0
L 57.70723028 50.17060578 58.80723062 50.17060578 0 P 0
L 57.70723028 50.77060458 58.80723062 50.77060458 0 P 0
L 57.70723028 51.06460704 57.70723028 51.66460584 0 P 0
L 57.70723028 51.06460704 58.80723062 51.06460704 0 P 0
L 57.70723028 51.66460584 58.80723062 51.66460584 0 P 0
L 57.70723282 52.89760566 57.70723282 53.49760446 0 P 0
L 57.70723282 52.89760566 58.80723316 52.89760566 0 P 0
L 57.70723282 53.49760446 58.80723316 53.49760446 0 P 0
L 57.70723282 55.66760774 57.70723282 56.26760654 0 P 0
L 57.70723282 55.66760774 58.80723316 55.66760774 0 P 0
L 57.70723282 56.26760654 58.80723316 56.26760654 0 P 0
L 57.7660008 31.14300096 58.0200008 31.39700096 0 P 0
L 57.7660008 31.14300096 58.2740008 31.14300096 0 P 0
L 57.7660008 31.39700096 58.2740008 31.39700096 0 P 0
L 58.01579202 22.4244535 58.01579202 23.0244523 0 P 0
L 58.0200008 31.39700096 58.2740008 31.14300096 0 P 0
L 58.14669854 41.28000126 58.14669854 42.3800016 0 P 0
L 58.14669854 41.28000126 58.74669734 41.28000126 0 P 0
L 58.14669854 42.3800016 58.74669734 42.3800016 0 P 0
L 58.1475977 17.45439994 58.1475977 17.78440182 0 P 0
L 58.23389674 21.74770098 58.23389674 22.84770132 0 P 0
L 58.33599966 18.02400002 58.33599966 18.62399882 0 P 0
L 58.42 30.47000002 58.42 32.0700019 0 P 0
L 58.44669794 21.74770098 58.44669794 22.84770132 0 P 0
L 58.44669794 21.74770098 59.04669674 21.74770098 0 P 0
L 58.44669794 22.84770132 59.04669674 22.84770132 0 P 0
L 58.58119856 22.4330006 58.58119856 23.0329994 0 P 0
L 58.58119856 22.4330006 59.6811989 22.4330006 0 P 0
L 58.58119856 23.0329994 59.6811989 23.0329994 0 P 0
L 58.62352512 49.27099874 58.62352512 49.87099754 0 P 0
L 58.62352512 49.27099874 59.72352546 49.27099874 0 P 0
L 58.62352512 49.87099754 59.72352546 49.87099754 0 P 0
L 58.74669734 41.28000126 58.74669734 42.3800016 0 P 0
L 58.78000182 30.46000004 58.78000182 31.56000038 0 P 0
L 58.78000182 30.46000004 59.38000062 30.46000004 0 P 0
L 58.78000182 31.56000038 59.38000062 31.56000038 0 P 0
L 58.79622988 51.94960654 58.79622988 52.54960534 0 P 0
L 58.79723318 53.88160674 58.79723318 54.48160554 0 P 0
L 58.80623494 54.7706042 58.80623494 55.370603 0 P 0
L 58.80723062 50.17060578 58.80723062 50.77060458 0 P 0
L 58.80723062 51.06460704 58.80723062 51.66460584 0 P 0
L 58.80723316 52.89760566 58.80723316 53.49760446 0 P 0
L 58.80723316 55.66760774 58.80723316 56.26760654 0 P 0
L 58.9111979 15.09620044 58.9111979 17.19620132 0 P 0
L 59.04669674 21.74770098 59.04669674 22.84770132 0 P 0
L 59.11670422 12.29720426 59.11670422 12.89720306 0 P 0
L 59.11670422 12.29720426 60.21670456 12.29720426 0 P 0
L 59.11670422 12.89720306 60.21670456 12.89720306 0 P 0
L 59.11670422 13.16651672 59.11670422 13.76651552 0 P 0
L 59.11670422 13.16651672 60.21670456 13.16651672 0 P 0
L 59.11670422 13.76651552 60.21670456 13.76651552 0 P 0
L 59.26779612 15.42480024 59.26779612 16.05480152 0 P 0
L 59.26779612 15.42480024 59.597798 15.42480024 0 P 0
L 59.26779612 16.05480152 59.597798 16.05480152 0 P 0
L 59.38000062 30.46000004 59.38000062 31.56000038 0 P 0
L 59.53500158 29.17377706 59.53500158 29.77377586 0 P 0
L 59.53500158 29.17377706 60.63500192 29.17377706 0 P 0
L 59.53500158 29.77377586 60.63500192 29.77377586 0 P 0
L 59.597798 15.42480024 59.597798 16.05480152 0 P 0
L 59.6811989 22.4330006 59.6811989 23.0329994 0 P 0
L 59.72352546 49.27099874 59.72352546 49.87099754 0 P 0
L 59.7710006 11.6420011 59.7710006 12.74200144 0 P 0
L 59.7710006 11.6420011 60.3709994 11.6420011 0 P 0
L 59.7710006 12.74200144 60.3709994 12.74200144 0 P 0
L 59.7710006 13.32479936 59.7710006 14.4247997 0 P 0
L 59.7710006 13.32479936 60.3709994 13.32479936 0 P 0
L 59.7710006 14.4247997 60.3709994 14.4247997 0 P 0
L 59.99399736 46.56362544 59.99399736 47.66362578 0 P 0
L 59.99399736 46.56362544 60.59399616 46.56362544 0 P 0
L 59.99399736 47.66362578 60.59399616 47.66362578 0 P 0
L 60.21670456 12.29720426 60.21670456 12.89720306 0 P 0
L 60.21670456 13.16651672 60.21670456 13.76651552 0 P 0
L 60.34399412 61.73560424 60.34399412 62.33560304 0 P 0
L 60.34399412 61.73560424 61.44399446 61.73560424 0 P 0
L 60.34399412 62.33560304 61.44399446 62.33560304 0 P 0
L 60.34399412 62.63360346 60.34399412 63.23360226 0 P 0
L 60.34399412 62.63360346 61.44399446 62.63360346 0 P 0
L 60.34399412 63.23360226 61.44399446 63.23360226 0 P 0
L 60.3709994 11.6420011 60.3709994 12.74200144 0 P 0
L 60.3709994 13.32479936 60.3709994 14.4247997 0 P 0
L 60.4862011 32.2120006 60.4862011 32.8119994 0 P 0
L 60.4862011 32.2120006 61.58620144 32.2120006 0 P 0
L 60.4862011 32.8119994 61.58620144 32.8119994 0 P 0
L 60.59399616 46.56362544 60.59399616 47.66362578 0 P 0
L 60.63500192 29.17377706 60.63500192 29.77377586 0 P 0
L 60.75523536 12.29720426 60.75523536 12.89720306 0 P 0
L 60.75523536 12.29720426 61.8552357 12.29720426 0 P 0
L 60.75523536 12.89720306 61.8552357 12.89720306 0 P 0
L 60.75523536 13.13000168 60.75523536 13.73000048 0 P 0
L 60.75523536 13.13000168 61.8552357 13.13000168 0 P 0
L 60.75523536 13.73000048 61.8552357 13.73000048 0 P 0
L 60.97316228 46.56362544 60.97316228 47.66362578 0 P 0
L 60.97316228 46.56362544 61.57316108 46.56362544 0 P 0
L 60.97316228 47.66362578 61.57316108 47.66362578 0 P 0
L 61.36967152 11.64720048 61.36967152 12.74720082 0 P 0
L 61.36967152 11.64720048 61.96967032 11.64720048 0 P 0
L 61.36967152 12.74720082 61.96967032 12.74720082 0 P 0
L 61.4172 35.15399878 61.4172 40.23395814 4 P 0
L 61.41879766 13.28000138 61.41879766 14.38000172 0 P 0
L 61.41879766 13.28000138 62.01879646 13.28000138 0 P 0
L 61.41879766 14.38000172 62.01879646 14.38000172 0 P 0
L 61.44399446 61.73560424 61.44399446 62.33560304 0 P 0
L 61.44399446 62.63360346 61.44399446 63.23360226 0 P 0
L 61.51699406 55.9526059 61.51699406 56.5526047 0 P 0
L 61.51699406 55.9526059 62.6169944 55.9526059 0 P 0
L 61.51699406 56.5526047 62.6169944 56.5526047 0 P 0
L 61.51699406 56.86260408 61.51699406 57.46260288 0 P 0
L 61.51699406 56.86260408 62.6169944 56.86260408 0 P 0
L 61.51699406 57.46260288 62.6169944 57.46260288 0 P 0
L 61.52299354 54.09860656 61.52299354 54.69860536 0 P 0
L 61.52299354 54.09860656 62.62299388 54.09860656 0 P 0
L 61.52299354 54.69860536 62.62299388 54.69860536 0 P 0
L 61.52499506 54.98360606 61.52499506 55.58360486 0 P 0
L 61.52499506 54.98360606 62.6249954 54.98360606 0 P 0
L 61.52499506 55.58360486 62.6249954 55.58360486 0 P 0
L 61.56799472 53.16160564 61.56799472 53.76160444 0 P 0
L 61.56799472 53.16160564 62.66799506 53.16160564 0 P 0
L 61.56799472 53.76160444 62.66799506 53.76160444 0 P 0
L 61.57316108 46.56362544 61.57316108 47.66362578 0 P 0
L 61.58620144 32.2120006 61.58620144 32.8119994 0 P 0
L 61.8552357 12.29720426 61.8552357 12.89720306 0 P 0
L 61.8552357 13.13000168 61.8552357 13.73000048 0 P 0
L 61.9523272 46.56362544 61.9523272 47.66362578 0 P 0
L 61.9523272 46.56362544 62.552326 46.56362544 0 P 0
L 61.9523272 47.66362578 62.552326 47.66362578 0 P 0
L 61.96967032 11.64720048 61.96967032 12.74720082 0 P 0
L 62.01879646 13.28000138 62.01879646 14.38000172 0 P 0
L 62.18827542 42.80824814 62.18827542 43.90824848 0 P 0
L 62.18827542 42.80824814 62.78827422 42.80824814 0 P 0
L 62.18827542 43.90824848 62.78827422 43.90824848 0 P 0
L 62.316995 30.8455822 62.316995 31.445581 0 P 0
L 62.316995 30.8455822 63.41699534 30.8455822 0 P 0
L 62.316995 31.445581 63.41699534 31.445581 0 P 0
L 62.34039856 65.4352006 62.34039856 66.0351994 0 P 0
L 62.34039856 65.4352006 63.4403989 65.4352006 0 P 0
L 62.34039856 66.0351994 63.4403989 66.0351994 0 P 0
L 62.3872006 40.03919856 62.3872006 41.1391989 0 P 0
L 62.3872006 40.03919856 62.9871994 40.03919856 0 P 0
L 62.3872006 41.1391989 62.9871994 41.1391989 0 P 0
L 62.3912011 63.7334006 62.3912011 64.3333994 0 P 0
L 62.3912011 63.7334006 63.49120144 63.7334006 0 P 0
L 62.3912011 64.3333994 63.49120144 64.3333994 0 P 0
L 62.3912011 64.5716006 62.3912011 65.1715994 0 P 0
L 62.3912011 64.5716006 63.49120144 64.5716006 0 P 0
L 62.3912011 65.1715994 63.49120144 65.1715994 0 P 0
L 62.552326 46.56362544 62.552326 47.66362578 0 P 0
L 62.6169944 55.9526059 62.6169944 56.5526047 0 P 0
L 62.6169944 56.86260408 62.6169944 57.46260288 0 P 0
L 62.62299388 54.09860656 62.62299388 54.69860536 0 P 0
L 62.6249954 54.98360606 62.6249954 55.58360486 0 P 0
L 62.6666006 37.75319856 62.6666006 38.8531989 0 P 0
L 62.6666006 37.75319856 63.2665994 37.75319856 0 P 0
L 62.6666006 38.8531989 63.2665994 38.8531989 0 P 0
L 62.66799506 53.16160564 62.66799506 53.76160444 0 P 0
L 62.78827422 42.80824814 62.78827422 43.90824848 0 P 0
L 62.8744996 58.90000158 62.8744996 60.00000192 0 P 0
L 62.8744996 58.90000158 63.4744984 58.90000158 0 P 0
L 62.8744996 60.00000192 63.4744984 60.00000192 0 P 0
L 62.97000106 30.19000058 62.97000106 31.29000092 0 P 0
L 62.97000106 30.19000058 63.56999986 30.19000058 0 P 0
L 62.97000106 31.29000092 63.56999986 31.29000092 0 P 0
L 62.9861453 35.49513348 62.9861453 36.59513382 0 P 0
L 62.9861453 35.49513348 63.5861441 35.49513348 0 P 0
L 62.9861453 36.59513382 63.5861441 36.59513382 0 P 0
L 62.9871994 40.03919856 62.9871994 41.1391989 0 P 0
L 63.13149172 46.56362544 63.13149172 47.66362578 0 P 0
L 63.13149172 46.56362544 63.73149052 46.56362544 0 P 0
L 63.13149172 47.66362578 63.73149052 47.66362578 0 P 0
L 63.13254328 10.31760446 63.13254328 11.6676043 0 P 0
L 63.13254328 10.31760446 64.83254496 10.31760446 0 P 0
L 63.13254328 11.6676043 64.83254496 11.6676043 0 P 0
L 63.2665994 37.75319856 63.2665994 38.8531989 0 P 0
L 63.41699534 30.8455822 63.41699534 31.445581 0 P 0
L 63.4403989 65.4352006 63.4403989 66.0351994 0 P 0
L 63.4744984 58.90000158 63.4744984 60.00000192 0 P 0
L 63.49120144 63.7334006 63.49120144 64.3333994 0 P 0
L 63.49120144 64.5716006 63.49120144 65.1715994 0 P 0
L 63.56999986 30.19000058 63.56999986 31.29000092 0 P 0
L 63.5861441 35.49513348 63.5861441 36.59513382 0 P 0
L 63.73149052 46.56362544 63.73149052 47.66362578 0 P 0
L 63.82999934 56.56899786 63.82999934 61.96899722 0 P 0
L 63.82999934 56.56899786 69.2299987 56.56899786 0 P 0
L 63.82999934 61.96899722 69.2299987 61.96899722 0 P 0
L 64.11065664 46.56362544 64.11065664 47.66362578 0 P 0
L 64.11065664 46.56362544 64.71065544 46.56362544 0 P 0
L 64.11065664 47.66362578 64.71065544 47.66362578 0 P 0
L 64.32499962 57.15899922 64.32499962 58.25899956 0 P 0
L 64.32499962 57.15899922 64.92499842 57.15899922 0 P 0
L 64.32499962 58.25899956 64.92499842 58.25899956 0 P 0
L 64.71065544 46.56362544 64.71065544 47.66362578 0 P 0
L 64.83254496 10.31760446 64.83254496 11.6676043 0 P 0
L 64.92499842 57.15899922 64.92499842 58.25899956 0 P 0
L 65.08982156 46.56362544 65.08982156 47.66362578 0 P 0
L 65.08982156 46.56362544 65.68982036 46.56362544 0 P 0
L 65.08982156 47.66362578 65.68982036 47.66362578 0 P 0
L 65.2509998 9.9950016 65.2509998 11.74500064 0 P 0
L 65.2509998 9.9950016 66.20100044 9.9950016 0 P 0
L 65.2509998 11.74500064 66.20100044 11.74500064 0 P 0
L 65.33327548 38.2532509 65.33327548 44.8532504 0 P 0
L 65.33327548 38.2532509 69.8332741 38.2532509 0 P 0
L 65.33327548 44.8532504 69.8332741 44.8532504 0 P 0
L 65.36844178 30.8590315 65.36844178 37.459031 0 P 0
L 65.36844178 30.8590315 69.8684404 30.8590315 0 P 0
L 65.36844178 37.459031 69.8684404 37.459031 0 P 0
L 65.52000104 12.19999846 65.52000104 13.2999988 0 P 0
L 65.52000104 12.19999846 66.11999984 12.19999846 0 P 0
L 65.52000104 13.2999988 66.11999984 13.2999988 0 P 0
L 65.58699608 60.23299866 65.58699608 61.332999 0 P 0
L 65.58699608 60.23299866 66.18699488 60.23299866 0 P 0
L 65.58699608 61.332999 66.18699488 61.332999 0 P 0
L 65.59499962 57.15900176 65.59499962 58.2590021 0 P 0
L 65.59499962 57.15900176 66.19499842 57.15900176 0 P 0
L 65.59499962 58.2590021 66.19499842 58.2590021 0 P 0
L 65.68982036 46.56362544 65.68982036 47.66362578 0 P 0
L 65.9965406 29.22599946 65.9965406 30.3259998 0 P 0
L 65.9965406 29.22599946 66.5965394 29.22599946 0 P 0
L 65.9965406 30.3259998 66.5965394 30.3259998 0 P 0
L 66.06898648 46.56362544 66.06898648 47.66362578 0 P 0
L 66.06898648 46.56362544 66.66898528 46.56362544 0 P 0
L 66.06898648 47.66362578 66.66898528 47.66362578 0 P 0
L 66.10999732 9.00999976 66.10999732 9.60999856 0 P 0
L 66.10999732 9.00999976 67.20999766 9.00999976 0 P 0
L 66.10999732 9.60999856 67.20999766 9.60999856 0 P 0
L 66.11219696 8.16746906 66.11219696 8.76746786 0 P 0
L 66.11219696 8.16746906 67.2121973 8.16746906 0 P 0
L 66.11219696 8.76746786 67.2121973 8.76746786 0 P 0
L 66.11999984 12.19999846 66.11999984 13.2999988 0 P 0
L 66.18699488 60.23299866 66.18699488 61.332999 0 P 0
L 66.19499842 57.15900176 66.19499842 58.2590021 0 P 0
L 66.20100044 9.9950016 66.20100044 11.74500064 0 P 0
L 66.3899993 12.7499999 66.3899993 15.64999918 0 P 0
L 66.3899993 12.7499999 68.19000078 12.7499999 0 P 0
L 66.3899993 15.64999918 68.19000078 15.64999918 0 P 0
L 66.42099746 -0.05899912 66.42099746 7.64100072 0 P 0
L 66.5965394 29.22599946 66.5965394 30.3259998 0 P 0
L 66.66898528 46.56362544 66.66898528 47.66362578 0 P 0
L 66.86499962 57.15900176 66.86499962 58.2590021 0 P 0
L 66.86499962 57.15900176 67.46499842 57.15900176 0 P 0
L 66.86499962 58.2590021 67.46499842 58.2590021 0 P 0
L 66.86499962 60.2330012 66.86499962 61.33300154 0 P 0
L 66.86499962 60.2330012 67.46499842 60.2330012 0 P 0
L 66.86499962 61.33300154 67.46499842 61.33300154 0 P 0
L 66.98870524 44.29717582 66.98870524 44.89717462 0 P 0
L 66.98870524 44.29717582 68.08870558 44.29717582 0 P 0
L 66.98870524 44.89717462 68.08870558 44.89717462 0 P 0
L 67.01110042 42.70257652 67.01110042 43.30257532 0 P 0
L 67.01110042 42.70257652 68.11110076 42.70257652 0 P 0
L 67.01110042 43.30257532 68.11110076 43.30257532 0 P 0
L 67.01110042 43.49717742 67.01110042 44.09717622 0 P 0
L 67.01110042 43.49717742 68.11110076 43.49717742 0 P 0
L 67.01110042 44.09717622 68.11110076 44.09717622 0 P 0
L 67.0334956 38.4442081 67.0334956 39.0442069 0 P 0
L 67.0334956 38.4442081 68.13349594 38.4442081 0 P 0
L 67.0334956 39.0442069 68.13349594 39.0442069 0 P 0
L 67.0334956 39.61863552 67.0334956 40.21863432 0 P 0
L 67.0334956 39.61863552 68.13349594 39.61863552 0 P 0
L 67.0334956 40.21863432 68.13349594 40.21863432 0 P 0
L 67.0334956 40.79306294 67.0334956 41.39306174 0 P 0
L 67.0334956 40.79306294 68.13349594 40.79306294 0 P 0
L 67.0334956 41.39306174 68.13349594 41.39306174 0 P 0
L 67.0334956 41.96749036 67.0334956 42.56748916 0 P 0
L 67.0334956 41.96749036 68.13349594 41.96749036 0 P 0
L 67.0334956 42.56748916 68.13349594 42.56748916 0 P 0
L 67.06814374 30.81191704 67.06814374 31.41191584 0 P 0
L 67.06814374 30.81191704 68.16814408 30.81191704 0 P 0
L 67.06814374 31.41191584 68.16814408 31.41191584 0 P 0
L 67.06814374 31.81620256 67.06814374 32.41620136 0 P 0
L 67.06814374 31.81620256 68.16814408 31.81620256 0 P 0
L 67.06814374 32.41620136 68.16814408 32.41620136 0 P 0
L 67.06814374 32.82048808 67.06814374 33.42048688 0 P 0
L 67.06814374 32.82048808 68.16814408 32.82048808 0 P 0
L 67.06814374 33.42048688 68.16814408 33.42048688 0 P 0
L 67.06814374 33.8247736 67.06814374 34.4247724 0 P 0
L 67.06814374 33.8247736 68.16814408 33.8247736 0 P 0
L 67.06814374 34.4247724 68.16814408 34.4247724 0 P 0
L 67.06814374 34.82905912 67.06814374 35.42905792 0 P 0
L 67.06814374 34.82905912 68.16814408 34.82905912 0 P 0
L 67.06814374 35.42905792 68.16814408 35.42905792 0 P 0
L 67.06814374 35.83334464 67.06814374 36.43334344 0 P 0
L 67.06814374 35.83334464 68.16814408 35.83334464 0 P 0
L 67.06814374 36.43334344 68.16814408 36.43334344 0 P 0
L 67.06814374 36.83763016 67.06814374 37.43762896 0 P 0
L 67.06814374 36.83763016 68.16814408 36.83763016 0 P 0
L 67.06814374 37.43762896 68.16814408 37.43762896 0 P 0
L 67.1661979 3.65300006 67.1661979 4.7530004 0 P 0
L 67.1661979 3.65300006 67.7661967 3.65300006 0 P 0
L 67.1661979 4.7530004 67.7661967 4.7530004 0 P 0
L 67.20999766 9.00999976 67.20999766 9.60999856 0 P 0
L 67.2121973 8.16746906 67.2121973 8.76746786 0 P 0
L 67.28583444 25.80599868 67.28583444 28.3560012 0 P 0
L 67.28583444 25.80599868 87.60583444 25.80599868 0 P 0
L 67.28583444 28.3560012 87.60583444 28.3560012 0 P 0
L 67.28583698 48.66599868 67.28583698 51.2160012 0 P 0
L 67.28583698 48.66599868 87.60583698 48.66599868 0 P 0
L 67.28583698 51.2160012 87.60583698 51.2160012 0 P 0
L 67.46499842 57.15900176 67.46499842 58.2590021 0 P 0
L 67.46499842 60.2330012 67.46499842 61.33300154 0 P 0
L 67.75299632 6.11100124 67.75299632 9.01100052 0 P 0
L 67.75299632 6.11100124 69.5529978 6.11100124 0 P 0
L 67.75299632 9.01100052 69.5529978 9.01100052 0 P 0
L 67.7661967 3.65300006 67.7661967 4.7530004 0 P 0
L 68.08870558 44.29717582 68.08870558 44.89717462 0 P 0
L 68.11110076 42.70257652 68.11110076 43.30257532 0 P 0
L 68.11110076 43.49717742 68.11110076 44.09717622 0 P 0
L 68.13349594 38.4442081 68.13349594 39.0442069 0 P 0
L 68.13349594 39.61863552 68.13349594 40.21863432 0 P 0
L 68.13349594 40.79306294 68.13349594 41.39306174 0 P 0
L 68.13349594 41.96749036 68.13349594 42.56748916 0 P 0
L 68.13499962 60.23299866 68.13499962 61.332999 0 P 0
L 68.13499962 60.23299866 68.73499842 60.23299866 0 P 0
L 68.13499962 61.332999 68.73499842 61.332999 0 P 0
L 68.16814408 30.81191704 68.16814408 31.41191584 0 P 0
L 68.16814408 31.81620256 68.16814408 32.41620136 0 P 0
L 68.16814408 32.82048808 68.16814408 33.42048688 0 P 0
L 68.16814408 33.8247736 68.16814408 34.4247724 0 P 0
L 68.16814408 34.82905912 68.16814408 35.42905792 0 P 0
L 68.16814408 35.83334464 68.16814408 36.43334344 0 P 0
L 68.16814408 36.83763016 68.16814408 37.43762896 0 P 0
L 68.19000078 12.7499999 68.19000078 15.64999918 0 P 0
L 68.5678969 15.5870021 68.5678969 16.68700244 0 P 0
L 68.5678969 15.5870021 69.1678957 15.5870021 0 P 0
L 68.5678969 16.68700244 69.1678957 16.68700244 0 P 0
L 68.5678969 17.3062011 68.5678969 18.40620144 0 P 0
L 68.5678969 17.3062011 69.1678957 17.3062011 0 P 0
L 68.5678969 18.40620144 69.1678957 18.40620144 0 P 0
L 68.73499842 60.23299866 68.73499842 61.332999 0 P 0
L 69.1678957 15.5870021 69.1678957 16.68700244 0 P 0
L 69.1678957 17.3062011 69.1678957 18.40620144 0 P 0
L 69.2299987 56.56899786 69.2299987 61.96899722 0 P 0
L 69.48127582 13.25120032 69.48127582 14.20119842 0 P 0
L 69.48127582 13.25120032 71.23127486 13.25120032 0 P 0
L 69.48127582 14.20119842 71.23127486 14.20119842 0 P 0
L 69.5529978 6.11100124 69.5529978 9.01100052 0 P 0
L 69.78259856 17.93740126 69.78259856 18.53740006 0 P 0
L 69.78259856 17.93740126 70.8825989 17.93740126 0 P 0
L 69.78259856 18.53740006 70.8825989 18.53740006 0 P 0
L 69.8332741 38.2532509 69.8332741 44.8532504 0 P 0
L 69.8684404 30.8590315 69.8684404 37.459031 0 P 0
L 70.00999968 64.54000046 70.00999968 65.13999926 0 P 0
L 70.00999968 64.54000046 71.11000002 64.54000046 0 P 0
L 70.00999968 65.13999926 71.11000002 65.13999926 0 P 0
L 70.08648924 15.50100024 70.08648924 17.50100132 0 P 0
L 70.08648924 15.50100024 72.08649032 15.50100024 0 P 0
L 70.08648924 17.50100132 72.08649032 17.50100132 0 P 0
L 70.23979856 52.8876006 70.23979856 53.4875994 0 P 0
L 70.23979856 52.8876006 71.3397989 52.8876006 0 P 0
L 70.23979856 53.4875994 71.3397989 53.4875994 0 P 0
L 70.70827616 61.4300016 70.70827616 62.53000194 0 P 0
L 70.70827616 61.4300016 71.30827496 61.4300016 0 P 0
L 70.70827616 62.27600194 70.70827616 63.37600228 0 P 0
L 70.70827616 62.27600194 71.30827496 62.27600194 0 P 0
L 70.70827616 62.53000194 71.30827496 62.53000194 0 P 0
L 70.70827616 63.37600228 71.30827496 63.37600228 0 P 0
L 70.74099898 23.3570018 70.74099898 23.9570006 0 P 0
L 70.74099898 23.3570018 71.84099932 23.3570018 0 P 0
L 70.74099898 23.9570006 71.84099932 23.9570006 0 P 0
L 70.7946006 58.4288011 70.7946006 59.52880144 0 P 0
L 70.7946006 58.4288011 71.3945994 58.4288011 0 P 0
L 70.7946006 59.52880144 71.3945994 59.52880144 0 P 0
L 70.8825989 17.93740126 70.8825989 18.53740006 0 P 0
L 71.11000002 64.54000046 71.11000002 65.13999926 0 P 0
L 71.23127486 13.25120032 71.23127486 14.20119842 0 P 0
L 71.30827496 61.4300016 71.30827496 62.53000194 0 P 0
L 71.30827496 62.27600194 71.30827496 63.37600228 0 P 0
L 71.3397989 52.8876006 71.3397989 53.4875994 0 P 0
L 71.3945994 58.4288011 71.3945994 59.52880144 0 P 0
L 71.62227484 43.68224944 71.62227484 44.78224978 0 P 0
L 71.62227484 43.68224944 72.22227364 43.68224944 0 P 0
L 71.62227484 44.78224978 72.22227364 44.78224978 0 P 0
L 71.7344133 60.02707832 71.7344133 60.82707926 0 P 0
L 71.7344133 60.02707832 72.33440448 60.02707832 0 P 0
L 71.7344133 60.82707926 72.33440448 60.82707926 0 P 0
L 71.7344133 65.89407954 71.7344133 66.69408048 0 P 0
L 71.7344133 65.89407954 72.33440448 65.89407954 0 P 0
L 71.7344133 66.69408048 72.33440448 66.69408048 0 P 0
L 71.7509995 36.31262994 71.7509995 37.41263028 0 P 0
L 71.7509995 36.31262994 72.3509983 36.31262994 0 P 0
L 71.7509995 37.41263028 72.3509983 37.41263028 0 P 0
L 71.84099932 23.3570018 71.84099932 23.9570006 0 P 0
L 71.89600048 14.12600172 71.89600048 15.07599982 0 P 0
L 71.89600048 14.12600172 73.64599952 14.12600172 0 P 0
L 71.89600048 15.07599982 73.64599952 15.07599982 0 P 0
L 72.08649032 15.50100024 72.08649032 17.50100132 0 P 0
L 72.14607872 0.39416228 72.14607872 9.39392076 0 P 0
L 72.14607872 0.39416228 75.74583276 0.39416228 0 P 0
L 72.14607872 9.39392076 75.74583276 9.39392076 0 P 0
L 72.22227364 43.68224944 72.22227364 44.78224978 0 P 0
L 72.33440448 60.02707832 72.33440448 60.82707926 0 P 0
L 72.33440448 65.89407954 72.33440448 66.69408048 0 P 0
L 72.3509983 36.31262994 72.3509983 37.41263028 0 P 0
L 73.00000132 56.96886752 73.00000132 57.56886632 0 P 0
L 73.00000132 56.96886752 74.10000166 56.96886752 0 P 0
L 73.00000132 57.56886632 74.10000166 57.56886632 0 P 0
L 73.00464444 15.5870021 73.00464444 16.68700244 0 P 0
L 73.00464444 15.5870021 73.60464324 15.5870021 0 P 0
L 73.00464444 16.68700244 73.60464324 16.68700244 0 P 0
L 73.00500004 17.38199978 73.00500004 18.48200012 0 P 0
L 73.00500004 17.38199978 73.60499884 17.38199978 0 P 0
L 73.00500004 18.48200012 73.60499884 18.48200012 0 P 0
L 73.08399912 58.77600132 73.08399912 61.976 2 P 0
L 73.08399912 58.77600132 77.28400088 58.77600132 2 P 0
L 73.08399912 61.976 77.28400088 61.976 2 P 0
L 73.08399912 64.69400066 73.08399912 67.89399934 2 P 0
L 73.08399912 64.69400066 77.28400088 64.69400066 2 P 0
L 73.08399912 67.89399934 77.28400088 67.89399934 2 P 0
L 73.0913067 11.59599916 73.0913067 13.29600084 0 P 0
L 73.0913067 11.59599916 74.0413048 11.59599916 0 P 0
L 73.0913067 13.29600084 74.0413048 13.29600084 0 P 0
L 73.50000032 34.9830009 73.50000032 35.8829991 0 P 0
L 73.50000032 34.9830009 75.200002 34.9830009 0 P 0
L 73.50000032 35.8829991 75.200002 35.8829991 0 P 0
L 73.50000032 36.2530009 73.50000032 37.1529991 0 P 0
L 73.50000032 36.2530009 75.200002 36.2530009 0 P 0
L 73.50000032 37.1529991 75.200002 37.1529991 0 P 0
L 73.50000032 37.3960009 73.50000032 38.2959991 0 P 0
L 73.50000032 37.3960009 75.200002 37.3960009 0 P 0
L 73.50000032 38.2959991 75.200002 38.2959991 0 P 0
L 73.50000032 38.6660009 73.50000032 39.5659991 0 P 0
L 73.50000032 38.6660009 75.200002 38.6660009 0 P 0
L 73.50000032 39.5659991 75.200002 39.5659991 0 P 0
L 73.50000032 39.9360009 73.50000032 40.8359991 0 P 0
L 73.50000032 39.9360009 75.200002 39.9360009 0 P 0
L 73.50000032 40.8359991 75.200002 40.8359991 0 P 0
L 73.50000032 41.2060009 73.50000032 42.1059991 0 P 0
L 73.50000032 41.2060009 75.200002 41.2060009 0 P 0
L 73.50000032 42.1059991 75.200002 42.1059991 0 P 0
L 73.60464324 15.5870021 73.60464324 16.68700244 0 P 0
L 73.60499884 17.38199978 73.60499884 18.48200012 0 P 0
L 73.64599952 14.12600172 73.64599952 15.07599982 0 P 0
L 73.79999972 56.96886752 73.79999972 57.56886632 0 P 0
L 73.79999972 56.96886752 74.90000006 56.96886752 0 P 0
L 73.79999972 57.56886632 74.90000006 57.56886632 0 P 0
L 74.00120328 15.58699956 74.00120328 16.6869999 0 P 0
L 74.00120328 15.58699956 74.60120208 15.58699956 0 P 0
L 74.00120328 16.6869999 74.60120208 16.6869999 0 P 0
L 74.0413048 11.59599916 74.0413048 13.29600084 0 P 0
L 74.10000166 56.96886752 74.10000166 57.56886632 0 P 0
L 74.60120208 15.58699956 74.60120208 16.6869999 0 P 0
L 74.90000006 56.96886752 74.90000006 57.56886632 0 P 0
L 75.07500098 34.9830009 75.07500098 35.8829991 0 P 0
L 75.07500098 36.2530009 75.07500098 37.1529991 0 P 0
L 75.07500098 37.3960009 75.07500098 38.2959991 0 P 0
L 75.07500098 38.6660009 75.07500098 39.5659991 0 P 0
L 75.07500098 39.9360009 75.07500098 40.8359991 0 P 0
L 75.07500098 41.2060009 75.07500098 42.1059991 0 P 0
L 75.200002 34.9830009 75.200002 35.8829991 0 P 0
L 75.200002 36.2530009 75.200002 37.1529991 0 P 0
L 75.200002 37.3960009 75.200002 38.2959991 0 P 0
L 75.200002 38.6660009 75.200002 39.5659991 0 P 0
L 75.200002 39.9360009 75.200002 40.8359991 0 P 0
L 75.200002 41.2060009 75.200002 42.1059991 0 P 0
L 75.74583276 0.39416228 75.74583276 9.39392076 0 P 0
L 75.83331798 56.88099876 75.83331798 57.48099756 0 P 0
L 75.83331798 56.88099876 76.93331832 56.88099876 0 P 0
L 75.83331798 57.48099756 76.93331832 57.48099756 0 P 0
L 76.07552222 54.34000054 76.07552222 54.93999934 0 P 0
L 76.07552222 54.34000054 77.17552256 54.34000054 0 P 0
L 76.07552222 54.93999934 77.17552256 54.93999934 0 P 0
L 76.93331832 56.88099876 76.93331832 57.48099756 0 P 0
L 77.17552256 54.34000054 77.17552256 54.93999934 0 P 0
L 77.28400088 58.77600132 77.28400088 61.976 2 P 0
L 77.28400088 64.69400066 77.28400088 67.89399934 2 P 0
L 77.5256006 17.3062011 77.5256006 18.40620144 0 P 0
L 77.5256006 17.3062011 78.1255994 17.3062011 0 P 0
L 77.5256006 18.40620144 78.1255994 18.40620144 0 P 0
L 77.53117082 15.5870021 77.53117082 16.68700244 0 P 0
L 77.53117082 15.5870021 78.13116962 15.5870021 0 P 0
L 77.53117082 16.68700244 78.13116962 16.68700244 0 P 0
L 77.96969166 44.01914996 77.96969166 44.61914876 0 P 0
L 77.96969166 44.01914996 79.069692 44.01914996 0 P 0
L 77.96969166 44.61914876 79.069692 44.61914876 0 P 0
L 78.08117226 35.5998018 78.08117226 36.1998006 0 P 0
L 78.08117226 35.5998018 79.1811726 35.5998018 0 P 0
L 78.08117226 36.1998006 79.1811726 36.1998006 0 P 0
L 78.08117226 36.4888018 78.08117226 37.0888006 0 P 0
L 78.08117226 36.4888018 79.1811726 36.4888018 0 P 0
L 78.08117226 37.0888006 79.1811726 37.0888006 0 P 0
L 78.08117226 37.3778018 78.08117226 37.9778006 0 P 0
L 78.08117226 37.3778018 79.1811726 37.3778018 0 P 0
L 78.08117226 37.9778006 79.1811726 37.9778006 0 P 0
L 78.08117226 39.4098018 78.08117226 40.0098006 0 P 0
L 78.08117226 39.4098018 79.1811726 39.4098018 0 P 0
L 78.08117226 40.0098006 79.1811726 40.0098006 0 P 0
L 78.08117226 40.2988018 78.08117226 40.8988006 0 P 0
L 78.08117226 40.2988018 79.1811726 40.2988018 0 P 0
L 78.08117226 40.8988006 79.1811726 40.8988006 0 P 0
L 78.08117226 41.1878018 78.08117226 41.7878006 0 P 0
L 78.08117226 41.1878018 79.1811726 41.1878018 0 P 0
L 78.08117226 41.7878006 79.1811726 41.7878006 0 P 0
L 78.1255994 17.3062011 78.1255994 18.40620144 0 P 0
L 78.13116962 15.5870021 78.13116962 16.68700244 0 P 0
L 78.34119968 8.97979916 78.34119968 10.67980084 0 P 0
L 78.34119968 8.97979916 79.29119778 8.97979916 0 P 0
L 78.34119968 10.67980084 79.29119778 10.67980084 0 P 0
L 78.44920048 13.23000148 78.44920048 14.17999958 0 P 0
L 78.44920048 13.23000148 80.19919952 13.23000148 0 P 0
L 78.44920048 14.17999958 80.19919952 14.17999958 0 P 0
L 78.76291334 17.93740126 78.76291334 18.53740006 0 P 0
L 78.76291334 17.93740126 79.86291368 17.93740126 0 P 0
L 78.76291334 18.53740006 79.86291368 18.53740006 0 P 0
L 78.9736673 55.99420094 78.9736673 56.59419974 0 P 0
L 78.9736673 55.99420094 80.07366764 55.99420094 0 P 0
L 78.9736673 56.59419974 80.07366764 56.59419974 0 P 0
L 78.9736673 56.85179892 78.9736673 57.45179772 0 P 0
L 78.9736673 56.85179892 80.07366764 56.85179892 0 P 0
L 78.9736673 57.45179772 80.07366764 57.45179772 0 P 0
L 79.04579568 15.50079958 79.04579568 17.50080066 0 P 0
L 79.04579568 15.50079958 81.04579676 15.50079958 0 P 0
L 79.04579568 17.50080066 81.04579676 17.50080066 0 P 0
L 79.069692 44.01914996 79.069692 44.61914876 0 P 0
L 79.1811726 35.5998018 79.1811726 36.1998006 0 P 0
L 79.1811726 36.4888018 79.1811726 37.0888006 0 P 0
L 79.1811726 37.3778018 79.1811726 37.9778006 0 P 0
L 79.1811726 39.4098018 79.1811726 40.0098006 0 P 0
L 79.1811726 40.2988018 79.1811726 40.8988006 0 P 0
L 79.1811726 41.1878018 79.1811726 41.7878006 0 P 0
L 79.20001432 60.02707832 79.20001432 60.82707926 0 P 0
L 79.20001432 60.02707832 79.8000055 60.02707832 0 P 0
L 79.20001432 60.82707926 79.8000055 60.82707926 0 P 0
L 79.22701452 65.89407954 79.22701452 66.69408048 0 P 0
L 79.22701452 65.89407954 79.8270057 65.89407954 0 P 0
L 79.22701452 66.69408048 79.8270057 66.69408048 0 P 0
L 79.29119778 8.97979916 79.29119778 10.67980084 0 P 0
L 79.37700152 54.668801 79.37700152 55.2687998 0 P 0
L 79.37700152 54.668801 80.47700186 54.668801 0 P 0
L 79.37700152 55.2687998 80.47700186 55.2687998 0 P 0
L 79.8000055 60.02707832 79.8000055 60.82707926 0 P 0
L 79.8270057 65.89407954 79.8270057 66.69408048 0 P 0
L 79.86291368 17.93740126 79.86291368 18.53740006 0 P 0
L 80.07366764 55.99420094 80.07366764 56.59419974 0 P 0
L 80.07366764 56.85179892 80.07366764 57.45179772 0 P 0
L 80.19919952 13.23000148 80.19919952 14.17999958 0 P 0
L 80.47700186 54.668801 80.47700186 55.2687998 0 P 0
L 80.57699912 58.77500056 80.57699912 61.97499924 2 P 0
L 80.57699912 58.77500056 84.77700088 58.77500056 2 P 0
L 80.57699912 61.97499924 84.77700088 61.97499924 2 P 0
L 80.57699912 64.69400066 80.57699912 67.89399934 2 P 0
L 80.57699912 64.69400066 84.77700088 64.69400066 2 P 0
L 80.57699912 67.89399934 84.77700088 67.89399934 2 P 0
L 80.84697572 14.12567914 80.84697572 15.07567724 0 P 0
L 80.84697572 14.12567914 82.59697476 14.12567914 0 P 0
L 80.84697572 15.07567724 82.59697476 15.07567724 0 P 0
L 81.04579676 15.50079958 81.04579676 17.50080066 0 P 0
L 81.17560092 35.04900026 81.17560092 38.04899934 1 P 0
L 81.17560092 35.04900026 84.1756 35.04900026 1 P 0
L 81.17560092 38.04899934 84.1756 38.04899934 1 P 0
L 81.17560092 38.73200026 81.17560092 41.73199934 1 P 0
L 81.17560092 38.73200026 84.1756 38.73200026 1 P 0
L 81.17560092 41.73199934 84.1756 41.73199934 1 P 0
L 81.5428011 56.4944006 81.5428011 57.0943994 0 P 0
L 81.5428011 56.4944006 82.64280144 56.4944006 0 P 0
L 81.5428011 57.0943994 82.64280144 57.0943994 0 P 0
L 81.78499772 2.7178 81.78499772 6.91780176 2 P 0
L 81.78499772 2.7178 84.9849964 2.7178 2 P 0
L 81.78499772 6.91780176 84.9849964 6.91780176 2 P 0
L 81.92000126 54.93999934 81.92000126 56.03999968 0 P 0
L 81.92000126 54.93999934 82.52000006 54.93999934 0 P 0
L 81.92000126 56.03999968 82.52000006 56.03999968 0 P 0
L 81.96699888 15.5870021 81.96699888 16.68700244 0 P 0
L 81.96699888 15.5870021 82.56699768 15.5870021 0 P 0
L 81.96699888 16.68700244 82.56699768 16.68700244 0 P 0
L 81.9706006 17.3824011 81.9706006 18.48240144 0 P 0
L 81.9706006 17.3824011 82.5705994 17.3824011 0 P 0
L 81.9706006 18.48240144 82.5705994 18.48240144 0 P 0
L 82.04960222 11.59599916 82.04960222 13.29600084 0 P 0
L 82.04960222 11.59599916 82.99960032 11.59599916 0 P 0
L 82.04960222 13.29600084 82.99960032 13.29600084 0 P 0
L 82.52000006 54.93999934 82.52000006 56.03999968 0 P 0
L 82.56699768 15.5870021 82.56699768 16.68700244 0 P 0
L 82.5705994 17.3824011 82.5705994 18.48240144 0 P 0
L 82.59697476 14.12567914 82.59697476 15.07567724 0 P 0
L 82.64280144 56.4944006 82.64280144 57.0943994 0 P 0
L 82.9612006 15.57899856 82.9612006 16.6789989 0 P 0
L 82.9612006 15.57899856 83.5611994 15.57899856 0 P 0
L 82.9612006 16.6789989 83.5611994 16.6789989 0 P 0
L 82.99960032 11.59599916 82.99960032 13.29600084 0 P 0
L 83.5256013 35.04900026 84.1756 35.69899896 1 P 0
L 83.5256013 38.73200026 84.1756 39.38199896 1 P 0
L 83.5611994 15.57899856 83.5611994 16.6789989 0 P 0
L 84.15439608 54.31680018 84.15439608 57.31679926 1 P 0
L 84.15439608 54.31680018 87.15439516 54.31680018 1 P 0
L 84.15439608 56.66680056 84.80439478 57.31679926 1 P 0
L 84.15439608 57.31679926 87.15439516 57.31679926 1 P 0
L 84.1756 35.04900026 84.1756 38.04899934 1 P 0
L 84.1756 38.73200026 84.1756 41.73199934 1 P 0
L 84.77700088 58.77500056 84.77700088 61.97499924 2 P 0
L 84.77700088 64.69400066 84.77700088 67.89399934 2 P 0
L 84.9849964 2.7178 84.9849964 6.91780176 2 P 0
L 85.18007856 8.68059986 85.18007856 9.28059104 0 P 0
L 85.18007856 8.68059986 85.9800795 8.68059986 0 P 0
L 85.18007856 9.28059104 85.9800795 9.28059104 0 P 0
L 85.61200048 15.18700036 85.61200048 18.08699964 0 P 0
L 85.61200048 15.18700036 87.41200196 15.18700036 0 P 0
L 85.61200048 18.08699964 87.41200196 18.08699964 0 P 0
L 85.69550552 34.4956638 85.69550552 35.0956626 0 P 0
L 85.69550552 34.4956638 86.79550586 34.4956638 0 P 0
L 85.69550552 35.0956626 86.79550586 35.0956626 0 P 0
L 85.69550552 36.2656628 85.69550552 36.8656616 0 P 0
L 85.69550552 36.2656628 86.79550586 36.2656628 0 P 0
L 85.69550552 36.8656616 86.79550586 36.8656616 0 P 0
L 85.69550552 37.5356628 85.69550552 38.1356616 0 P 0
L 85.69550552 37.5356628 86.79550586 37.5356628 0 P 0
L 85.69550552 38.1356616 86.79550586 38.1356616 0 P 0
L 85.69550552 38.8056628 85.69550552 39.4056616 0 P 0
L 85.69550552 38.8056628 86.79550586 38.8056628 0 P 0
L 85.69550552 39.4056616 86.79550586 39.4056616 0 P 0
L 85.69550552 40.0756628 85.69550552 40.6756616 0 P 0
L 85.69550552 40.0756628 86.79550586 40.0756628 0 P 0
L 85.69550552 40.6756616 86.79550586 40.6756616 0 P 0
L 85.69550552 41.3456628 85.69550552 41.9456616 0 P 0
L 85.69550552 41.3456628 86.79550586 41.3456628 0 P 0
L 85.69550552 41.9456616 86.79550586 41.9456616 0 P 0
L 85.9800795 8.68059986 85.9800795 9.28059104 0 P 0
L 86.79550586 34.4956638 86.79550586 35.0956626 0 P 0
L 86.79550586 36.2656628 86.79550586 36.8656616 0 P 0
L 86.79550586 37.5356628 86.79550586 38.1356616 0 P 0
L 86.79550586 38.8056628 86.79550586 39.4056616 0 P 0
L 86.79550586 40.0756628 86.79550586 40.6756616 0 P 0
L 86.79550586 41.3456628 86.79550586 41.9456616 0 P 0
L 86.89779928 64.71979944 86.89779928 65.81979978 0 P 0
L 86.89779928 64.71979944 87.49779808 64.71979944 0 P 0
L 86.89779928 65.81979978 87.49779808 65.81979978 0 P 0
L 87.15439516 54.31680018 87.15439516 57.31679926 1 P 0
L 87.3046006 57.99191856 87.3046006 59.0919189 0 P 0
L 87.3046006 57.99191856 87.9045994 57.99191856 0 P 0
L 87.3046006 59.0919189 87.9045994 59.0919189 0 P 0
L 87.41200196 15.18700036 87.41200196 18.08699964 0 P 0
L 87.49779808 64.71979944 87.49779808 65.81979978 0 P 0
L 87.60583444 25.80599868 87.60583444 28.3560012 0 P 0
L 87.60583698 48.66599868 87.60583698 51.2160012 0 P 0
L 87.9045994 57.99191856 87.9045994 59.0919189 0 P 0
L 87.97479738 64.14660018 87.97479738 65.80660194 0 P 0
L 87.97479738 64.14660018 89.63479914 64.14660018 0 P 0
L 87.97479738 65.80660194 89.63479914 65.80660194 0 P 0
L 88.02259764 53.1359999 88.02259764 53.7359987 0 P 0
L 88.02259764 53.1359999 89.12259798 53.1359999 0 P 0
L 88.02259764 53.7359987 89.12259798 53.7359987 0 P 0
L 88.24799724 66.67160148 88.24799724 67.27160028 0 P 0
L 88.24799724 66.67160148 89.34799758 66.67160148 0 P 0
L 88.24799724 67.27160028 89.34799758 67.27160028 0 P 0
L 88.35079612 1.34440168 88.35079612 2.14440008 0 P 0
L 88.35079612 1.34440168 89.950798 1.34440168 0 P 0
L 88.35079612 2.14440008 89.950798 2.14440008 0 P 0
L 88.57539562 2.43500148 88.57539562 3.03500028 0 P 0
L 88.57539562 2.43500148 89.67539596 2.43500148 0 P 0
L 88.57539562 3.03500028 89.67539596 3.03500028 0 P 0
L 89.02379706 1.49040088 89.02379706 1.99840088 0 P 0
L 89.02379706 1.49040088 89.27779706 1.74440088 0 P 0
L 89.02379706 1.99840088 89.27779706 1.74440088 0 P 0
L 89.12259798 53.1359999 89.12259798 53.7359987 0 P 0
L 89.13346156 62.62906956 89.13346156 63.22906836 0 P 0
L 89.13346156 62.62906956 90.2334619 62.62906956 0 P 0
L 89.13346156 63.22906836 90.2334619 63.22906836 0 P 0
L 89.27779706 1.49040088 89.27779706 1.99840088 0 P 0
L 89.34799758 66.67160148 89.34799758 67.27160028 0 P 0
L 89.63479914 64.14660018 89.63479914 65.80660194 0 P 0
L 89.67539596 2.43500148 89.67539596 3.03500028 0 P 0
L 89.950798 1.34440168 89.950798 2.14440008 0 P 0
L 90.2334619 62.62906956 90.2334619 63.22906836 0 P 0
L 91.99999888 10.53999924 91.99999888 61.33999924 2 P 0
L 91.99999888 10.53999924 96.99999904 10.53999924 2 P 0
L 91.99999888 61.33999924 96.99999904 61.33999924 2 P 0
L 96.99999904 10.53999924 96.99999904 61.33999924 2 P 0
L 209.0718958 3.20232786 209.0718958 5.61532786 2 P 0
L 209.0718958 3.20232786 232.4398958 3.20232786 2 P 0
L 209.0718958 5.61532786 232.4398958 5.61532786 2 P 0
L 215.76299748 4.09142692 216.05341092 4.09142692 5 P 0 ;0,1=0,2=0.000000
L 215.9082042 4.49800726 215.67587294 3.88813802 5 P 0 ;0,1=0,2=0.000000
L 216.14053546 3.88813802 215.9082042 4.49800726 5 P 0 ;0,1=0,2=0.000000
L 216.28283642 4.20759382 216.31187878 4.1495091 5 P 0 ;0,1=0,2=0.000000
L 216.31187878 3.91718038 216.28283642 3.97526256 5 P 0 ;0,1=0,2=0.000000
L 216.31187878 4.1495091 216.36996096 4.12046928 5 P 0 ;0,1=0,2=0.000000
L 216.31187878 4.265676 216.28283642 4.20759382 5 P 0 ;0,1=0,2=0.000000
L 216.36996096 4.12046928 216.51516768 4.09142692 5 P 0 ;0,1=0,2=0.000000
L 216.39900078 3.88813802 216.31187878 3.91718038 5 P 0 ;0,1=0,2=0.000000
L 216.39900078 4.29471582 216.31187878 4.265676 5 P 0 ;0,1=0,2=0.000000
L 216.48612532 3.88813802 216.39900078 3.88813802 5 P 0 ;0,1=0,2=0.000000
L 216.48612532 4.29471582 216.39900078 4.29471582 5 P 0 ;0,1=0,2=0.000000
L 216.51516768 4.09142692 216.57324986 4.0623871 5 P 0 ;0,1=0,2=0.000000
L 216.57324986 3.91718038 216.48612532 3.88813802 5 P 0 ;0,1=0,2=0.000000
L 216.57324986 4.0623871 216.60229222 4.00430238 5 P 0 ;0,1=0,2=0.000000
L 216.57324986 4.265676 216.48612532 4.29471582 5 P 0 ;0,1=0,2=0.000000
L 216.60229222 3.97526256 216.57324986 3.91718038 5 P 0 ;0,1=0,2=0.000000
L 216.60229222 4.00430238 216.60229222 3.97526256 5 P 0 ;0,1=0,2=0.000000
L 216.60229222 4.20759382 216.57324986 4.265676 5 P 0 ;0,1=0,2=0.000000
L 216.730072 4.20759382 216.75911436 4.1495091 5 P 0 ;0,1=0,2=0.000000
L 216.75911436 3.91718038 216.730072 3.97526256 5 P 0 ;0,1=0,2=0.000000
L 216.75911436 4.1495091 216.81719654 4.12046928 5 P 0 ;0,1=0,2=0.000000
L 216.75911436 4.265676 216.730072 4.20759382 5 P 0 ;0,1=0,2=0.000000
L 216.81719654 4.12046928 216.96240326 4.09142692 5 P 0 ;0,1=0,2=0.000000
L 216.84623636 3.88813802 216.75911436 3.91718038 5 P 0 ;0,1=0,2=0.000000
L 216.84623636 4.29471582 216.75911436 4.265676 5 P 0 ;0,1=0,2=0.000000
L 216.9333609 3.88813802 216.84623636 3.88813802 5 P 0 ;0,1=0,2=0.000000
L 216.9333609 4.29471582 216.84623636 4.29471582 5 P 0 ;0,1=0,2=0.000000
L 216.96240326 4.09142692 217.02048544 4.0623871 5 P 0 ;0,1=0,2=0.000000
L 217.02048544 3.91718038 216.9333609 3.88813802 5 P 0 ;0,1=0,2=0.000000
L 217.02048544 4.0623871 217.0495278 4.00430238 5 P 0 ;0,1=0,2=0.000000
L 217.02048544 4.265676 216.9333609 4.29471582 5 P 0 ;0,1=0,2=0.000000
L 217.0495278 3.97526256 217.02048544 3.91718038 5 P 0 ;0,1=0,2=0.000000
L 217.0495278 4.00430238 217.0495278 3.97526256 5 P 0 ;0,1=0,2=0.000000
L 217.0495278 4.20759382 217.02048544 4.265676 5 P 0 ;0,1=0,2=0.000000
L 217.17730758 4.0623871 217.20634994 3.97526256 5 P 0 ;0,1=0,2=0.000000
L 217.17730758 4.12046928 217.17730758 4.0623871 5 P 0 ;0,1=0,2=0.000000
L 217.17730758 4.12046928 217.5258032 4.12046928 5 P 0 ;0,1=0,2=0.000000
L 217.20634994 3.97526256 217.26443212 3.91718038 5 P 0 ;0,1=0,2=0.000000
L 217.20634994 4.20759382 217.17730758 4.12046928 5 P 0 ;0,1=0,2=0.000000
L 217.26443212 3.91718038 217.3225143 3.88813802 5 P 0 ;0,1=0,2=0.000000
L 217.26443212 4.265676 217.20634994 4.20759382 5 P 0 ;0,1=0,2=0.000000
L 217.3225143 3.88813802 217.40963884 3.88813802 5 P 0 ;0,1=0,2=0.000000
L 217.3225143 4.29471582 217.26443212 4.265676 5 P 0 ;0,1=0,2=0.000000
L 217.40963884 3.88813802 217.46772102 3.91718038 5 P 0 ;0,1=0,2=0.000000
L 217.40963884 4.29471582 217.3225143 4.29471582 5 P 0 ;0,1=0,2=0.000000
L 217.46772102 3.91718038 217.5258032 3.97526256 5 P 0 ;0,1=0,2=0.000000
L 217.46772102 4.265676 217.40963884 4.29471582 5 P 0 ;0,1=0,2=0.000000
L 217.49676338 4.23663364 217.46772102 4.265676 5 P 0 ;0,1=0,2=0.000000
L 217.5258032 4.12046928 217.5258032 4.17855146 5 P 0 ;0,1=0,2=0.000000
L 217.5258032 4.17855146 217.49676338 4.23663364 5 P 0 ;0,1=0,2=0.000000
L 217.65648874 4.17855146 217.74361328 4.265676 5 P 0 ;0,1=0,2=0.000000
L 217.65648874 4.29471582 217.65648874 3.88813802 5 P 0 ;0,1=0,2=0.000000
L 217.74361328 4.265676 217.80169546 4.29471582 5 P 0 ;0,1=0,2=0.000000
L 217.80169546 4.29471582 217.88882 4.29471582 5 P 0 ;0,1=0,2=0.000000
L 217.88882 4.29471582 217.94690218 4.265676 5 P 0 ;0,1=0,2=0.000000
L 217.94690218 4.265676 217.97594454 4.17855146 5 P 0 ;0,1=0,2=0.000000
L 217.97594454 4.17855146 217.97594454 3.88813802 5 P 0 ;0,1=0,2=0.000000
L 217.97594454 4.17855146 218.06306654 4.265676 5 P 0 ;0,1=0,2=0.000000
L 218.06306654 4.265676 218.12115126 4.29471582 5 P 0 ;0,1=0,2=0.000000
L 218.12115126 4.29471582 218.20827326 4.29471582 5 P 0 ;0,1=0,2=0.000000
L 218.20827326 4.29471582 218.26635798 4.265676 5 P 0 ;0,1=0,2=0.000000
L 218.26635798 4.265676 218.2953978 4.17855146 5 P 0 ;0,1=0,2=0.000000
L 218.2953978 4.17855146 218.2953978 3.88813802 5 P 0 ;0,1=0,2=0.000000
L 218.48707128 4.20759382 218.54515346 4.265676 5 P 0 ;0,1=0,2=0.000000
L 218.48707128 4.49800726 218.48707128 3.88813802 5 P 0 ;0,1=0,2=0.000000
L 218.54515346 3.91718038 218.48707128 3.97526256 5 P 0 ;0,1=0,2=0.000000
L 218.54515346 4.265676 218.60323564 4.29471582 5 P 0 ;0,1=0,2=0.000000
L 218.60323564 3.88813802 218.54515346 3.91718038 5 P 0 ;0,1=0,2=0.000000
L 218.60323564 4.29471582 218.69036018 4.29471582 5 P 0 ;0,1=0,2=0.000000
L 218.69036018 3.88813802 218.60323564 3.88813802 5 P 0 ;0,1=0,2=0.000000
L 218.69036018 4.29471582 218.74844236 4.265676 5 P 0 ;0,1=0,2=0.000000
L 218.74844236 3.91718038 218.69036018 3.88813802 5 P 0 ;0,1=0,2=0.000000
L 218.74844236 4.265676 218.80652708 4.20759382 5 P 0 ;0,1=0,2=0.000000
L 218.80652708 3.97526256 218.74844236 3.91718038 5 P 0 ;0,1=0,2=0.000000
L 218.80652708 4.20759382 218.8355669 4.12046928 5 P 0 ;0,1=0,2=0.000000
L 218.8355669 4.0623871 218.80652708 3.97526256 5 P 0 ;0,1=0,2=0.000000
L 218.8355669 4.12046928 218.8355669 4.0623871 5 P 0 ;0,1=0,2=0.000000
L 218.96625244 4.49800726 218.96625244 3.88813802 5 P 0 ;0,1=0,2=0.000000
L 219.12307712 3.68484912 219.09403476 3.68484912 5 P 0 ;0,1=0,2=0.000000
L 219.12307712 4.29471582 219.29732366 3.88813802 5 P 0 ;0,1=0,2=0.000000
L 219.1811593 3.71388894 219.12307712 3.68484912 5 P 0 ;0,1=0,2=0.000000
L 219.23924148 3.77197366 219.1811593 3.71388894 5 P 0 ;0,1=0,2=0.000000
L 219.29732366 3.88813802 219.23924148 3.77197366 5 P 0 ;0,1=0,2=0.000000
L 219.47157274 4.29471582 219.29732366 3.88813802 5 P 0 ;0,1=0,2=0.000000
L 220.05239708 4.49800726 220.45897488 4.49800726 5 P 0 ;0,1=0,2=0.000000
L 220.25568598 4.49800726 220.25568598 3.88813802 5 P 0 ;0,1=0,2=0.000000
L 220.53157824 4.0623871 220.5606206 3.97526256 5 P 0 ;0,1=0,2=0.000000
L 220.53157824 4.12046928 220.53157824 4.0623871 5 P 0 ;0,1=0,2=0.000000
L 220.5606206 3.97526256 220.61870278 3.91718038 5 P 0 ;0,1=0,2=0.000000
L 220.5606206 4.20759382 220.53157824 4.12046928 5 P 0 ;0,1=0,2=0.000000
L 220.61870278 3.91718038 220.67678496 3.88813802 5 P 0 ;0,1=0,2=0.000000
L 220.61870278 4.265676 220.5606206 4.20759382 5 P 0 ;0,1=0,2=0.000000
L 220.67678496 3.88813802 220.7639095 3.88813802 5 P 0 ;0,1=0,2=0.000000
L 220.67678496 4.29471582 220.61870278 4.265676 5 P 0 ;0,1=0,2=0.000000
L 220.7639095 3.88813802 220.82199168 3.91718038 5 P 0 ;0,1=0,2=0.000000
L 220.7639095 4.29471582 220.67678496 4.29471582 5 P 0 ;0,1=0,2=0.000000
L 220.82199168 3.91718038 220.88007386 3.97526256 5 P 0 ;0,1=0,2=0.000000
L 220.82199168 4.265676 220.7639095 4.29471582 5 P 0 ;0,1=0,2=0.000000
L 220.88007386 3.97526256 220.90911622 4.0623871 5 P 0 ;0,1=0,2=0.000000
L 220.88007386 4.20759382 220.82199168 4.265676 5 P 0 ;0,1=0,2=0.000000
L 220.90911622 4.0623871 220.90911622 4.12046928 5 P 0 ;0,1=0,2=0.000000
L 220.90911622 4.12046928 220.88007386 4.20759382 5 P 0 ;0,1=0,2=0.000000
L 221.04270498 4.20759382 221.10078716 4.265676 5 P 0 ;0,1=0,2=0.000000
L 221.04270498 4.29471582 221.04270498 3.68484912 5 P 0 ;0,1=0,2=0.000000
L 221.10078716 3.91718038 221.04270498 3.97526256 5 P 0 ;0,1=0,2=0.000000
L 221.10078716 4.265676 221.15886934 4.29471582 5 P 0 ;0,1=0,2=0.000000
L 221.15886934 3.88813802 221.10078716 3.91718038 5 P 0 ;0,1=0,2=0.000000
L 221.15886934 4.29471582 221.24599388 4.29471582 5 P 0 ;0,1=0,2=0.000000
L 221.24599388 3.88813802 221.15886934 3.88813802 5 P 0 ;0,1=0,2=0.000000
L 221.24599388 4.29471582 221.30407606 4.265676 5 P 0 ;0,1=0,2=0.000000
L 221.30407606 3.91718038 221.24599388 3.88813802 5 P 0 ;0,1=0,2=0.000000
L 221.30407606 4.265676 221.36216078 4.20759382 5 P 0 ;0,1=0,2=0.000000
L 221.36216078 3.97526256 221.30407606 3.91718038 5 P 0 ;0,1=0,2=0.000000
L 221.36216078 4.20759382 221.3912006 4.12046928 5 P 0 ;0,1=0,2=0.000000
L 221.3912006 4.0623871 221.36216078 3.97526256 5 P 0 ;0,1=0,2=0.000000
L 221.3912006 4.12046928 221.3912006 4.0623871 5 P 0 ;0,1=0,2=0.000000
L 232.4398958 3.20232786 232.4398958 5.61532786 2 P 0
P 211.4848958 4.40882786 6 P 0 0
