UNITS=MM
#Layer_Color=0
#
#Feature symbol names
#
$0 r49.9999
$1 r199.9996
$2 r127
$3 rect4826x2413

#
#Feature attribute names
#
@0 .nomenclature
@1 .string
@2 .string_angle

#
#Feature attribute text strings
#
&0 Coutryard Bottom

#
#Layer features
#
A 14.30299908 34.64599878 14.30299908 33.62999878 14.68399908 34.13799878 0 P 0 N
A 14.3280003 43.50999934 14.3280003 42.49399934 14.7090003 43.00199934 0 P 0 N
A 16.20799908 32.35999878 16.58899908 32.23299878 16.58899908 32.86799878 0 P 0 N
A 16.2330003 41.22399934 16.6140003 41.09699934 16.6140003 41.73199934 0 P 0 N
A 16.58899908 36.04299878 16.20799908 35.91599878 16.58899908 35.40799878 0 P 0 N
A 16.6140003 44.90699934 16.2330003 44.77999934 16.6140003 44.27199934 0 P 0 N
A 23.57399908 32.23299878 24.20899908 32.86799878 23.57399908 32.86799878 0 P 0 N
A 23.5990003 41.09699934 24.2340003 41.73199934 23.5990003 41.73199934 0 P 0 N
A 24.20899908 35.40799878 23.57399908 36.04299878 23.57399908 35.40799878 0 P 0 N
A 24.2340003 44.27199934 23.5990003 44.90699934 23.5990003 44.27199934 0 P 0 N
L 14.30299908 33.62999878 16.20799908 32.35999878 0 P 0
L 14.30299908 34.64599878 16.20799908 35.91599878 0 P 0
L 14.3280003 42.49399934 16.2330003 41.22399934 0 P 0
L 14.3280003 43.50999934 16.2330003 44.77999934 0 P 0
L 16.58899908 32.23299878 23.57399908 32.23299878 0 P 0
L 16.58899908 36.04299878 23.57399908 36.04299878 0 P 0
L 16.6140003 41.09699934 23.5990003 41.09699934 0 P 0
L 16.6140003 44.90699934 23.5990003 44.90699934 0 P 0
L 24.20899908 32.86799878 24.20899908 35.40799878 0 P 0
L 24.2340003 41.73199934 24.2340003 44.27199934 0 P 0
L 45.23500478 64.88097768 45.83500358 64.88097768 0 P 0
L 45.23598014 60.4810068 45.83597894 60.4810068 0 P 0
L 45.23601062 56.08101814 45.83600942 56.08101814 0 P 0
L 45.23601062 57.18099054 45.83600942 57.18099054 0 P 0
L 45.23601062 58.28101374 45.83600942 58.28101374 0 P 0
L 45.23601062 59.38098614 45.83600942 59.38098614 0 P 0
L 45.23601062 61.58098174 45.83600942 61.58098174 0 P 0
L 45.23601062 62.68100494 45.83600942 62.68100494 0 P 0
L 45.23601062 63.78097734 45.83600942 63.78097734 0 P 0
L 45.23601062 65.98102374 45.83600942 65.98102374 0 P 0
L 45.23601062 67.48099534 45.83600942 67.48099534 0 P 0
L 45.23601062 68.98101774 45.83600942 68.98101774 0 P 0
L 45.31003638 64.65598448 45.31003638 65.10602168 0 P 0
L 45.31003638 64.65598448 45.76002278 64.65598448 0 P 0
L 45.31003638 65.10602168 45.76002278 65.10602168 0 P 0
L 45.31099142 55.85602494 45.31099142 56.30601134 0 P 0
L 45.31099142 55.85602494 45.76097782 55.85602494 0 P 0
L 45.31099142 56.30601134 45.76097782 56.30601134 0 P 0
L 45.31099142 56.95599734 45.31099142 57.40598374 0 P 0
L 45.31099142 56.95599734 45.76097782 56.95599734 0 P 0
L 45.31099142 57.40598374 45.76097782 57.40598374 0 P 0
L 45.31099142 58.05602054 45.31099142 58.50600694 0 P 0
L 45.31099142 58.05602054 45.76097782 58.05602054 0 P 0
L 45.31099142 58.50600694 45.76097782 58.50600694 0 P 0
L 45.31099142 59.15599294 45.31099142 59.60597934 0 P 0
L 45.31099142 59.15599294 45.76097782 59.15599294 0 P 0
L 45.31099142 59.60597934 45.76097782 59.60597934 0 P 0
L 45.31099142 61.35598854 45.31099142 61.80602574 0 P 0
L 45.31099142 61.35598854 45.76097782 61.35598854 0 P 0
L 45.31099142 61.80602574 45.76097782 61.80602574 0 P 0
L 45.31099142 62.45601174 45.31099142 62.90599814 0 P 0
L 45.31099142 62.45601174 45.76097782 62.45601174 0 P 0
L 45.31099142 62.90599814 45.76097782 62.90599814 0 P 0
L 45.31099142 63.55598414 45.31099142 64.00602134 0 P 0
L 45.31099142 63.55598414 45.76097782 63.55598414 0 P 0
L 45.31099142 64.00602134 45.76097782 64.00602134 0 P 0
L 45.31099142 65.75597974 45.31099142 66.20601694 0 P 0
L 45.31099142 65.75597974 45.76097782 65.75597974 0 P 0
L 45.31099142 66.20601694 45.76097782 66.20601694 0 P 0
L 45.31099142 67.25600214 45.31099142 67.70598854 0 P 0
L 45.31099142 67.25600214 45.76097782 67.25600214 0 P 0
L 45.31099142 67.70598854 45.76097782 67.70598854 0 P 0
L 45.31099142 68.75602454 45.31099142 69.20601094 0 P 0
L 45.31099142 68.75602454 45.76097782 68.75602454 0 P 0
L 45.31099142 69.20601094 45.76097782 69.20601094 0 P 0
L 45.31101174 60.2560136 45.31101174 60.706 0 P 0
L 45.31101174 60.2560136 45.76099814 60.2560136 0 P 0
L 45.31101174 60.706 45.76099814 60.706 0 P 0
L 45.53502958 64.58100368 45.53502958 65.18100248 0 P 0
L 45.53598462 55.78099334 45.53598462 56.38099214 0 P 0
L 45.53598462 56.88101654 45.53598462 57.48101534 0 P 0
L 45.53598462 57.98098894 45.53598462 58.58098774 0 P 0
L 45.53598462 59.08101214 45.53598462 59.68101094 0 P 0
L 45.53598462 61.28100774 45.53598462 61.88100654 0 P 0
L 45.53598462 62.38098014 45.53598462 62.98097894 0 P 0
L 45.53598462 63.48100334 45.53598462 64.08100214 0 P 0
L 45.53598462 65.68099894 45.53598462 66.28099774 0 P 0
L 45.53598462 67.18102134 45.53598462 67.78102014 0 P 0
L 45.53598462 68.68099294 45.53598462 69.28099174 0 P 0
L 45.53600494 60.180982 45.53600494 60.7809808 0 P 0
L 45.76002278 64.65598448 45.76002278 65.10602168 0 P 0
L 45.76097782 55.85602494 45.76097782 56.30601134 0 P 0
L 45.76097782 56.95599734 45.76097782 57.40598374 0 P 0
L 45.76097782 58.05602054 45.76097782 58.50600694 0 P 0
L 45.76097782 59.15599294 45.76097782 59.60597934 0 P 0
L 45.76097782 61.35598854 45.76097782 61.80602574 0 P 0
L 45.76097782 62.45601174 45.76097782 62.90599814 0 P 0
L 45.76097782 63.55598414 45.76097782 64.00602134 0 P 0
L 45.76097782 65.75597974 45.76097782 66.20601694 0 P 0
L 45.76097782 67.25600214 45.76097782 67.70598854 0 P 0
L 45.76097782 68.75602454 45.76097782 69.20601094 0 P 0
L 45.76099814 60.2560136 45.76099814 60.706 0 P 0
L 46.33598048 60.4809941 46.93597928 60.4809941 0 P 0
L 46.33598302 56.08101814 46.93598182 56.08101814 0 P 0
L 46.33598302 57.18099054 46.93598182 57.18099054 0 P 0
L 46.33598302 58.28101374 46.93598182 58.28101374 0 P 0
L 46.33598302 61.58098174 46.93598182 61.58098174 0 P 0
L 46.33598302 62.68100494 46.93598182 62.68100494 0 P 0
L 46.33598302 64.88100054 46.93598182 64.88100054 0 P 0
L 46.33598302 65.98102374 46.93598182 65.98102374 0 P 0
L 46.33598302 68.98101774 46.93598182 68.98101774 0 P 0
L 46.33600842 59.38099376 46.93600722 59.38099376 0 P 0
L 46.33602112 63.78097734 46.93601992 63.78097734 0 P 0
L 46.41098922 59.15600056 46.41098922 59.60598696 0 P 0
L 46.41098922 59.15600056 46.86097562 59.15600056 0 P 0
L 46.41098922 59.60598696 46.86097562 59.60598696 0 P 0
L 46.41100192 63.55598414 46.41100192 64.00597054 0 P 0
L 46.41100192 63.55598414 46.86098832 63.55598414 0 P 0
L 46.41100192 64.00597054 46.86098832 64.00597054 0 P 0
L 46.41101208 60.2560009 46.41101208 60.7059873 0 P 0
L 46.41101208 60.2560009 46.86099848 60.2560009 0 P 0
L 46.41101208 60.7059873 46.86099848 60.7059873 0 P 0
L 46.41101462 55.85602494 46.41101462 56.30601134 0 P 0
L 46.41101462 55.85602494 46.86100102 55.85602494 0 P 0
L 46.41101462 56.30601134 46.86100102 56.30601134 0 P 0
L 46.41101462 56.95599734 46.41101462 57.40598374 0 P 0
L 46.41101462 56.95599734 46.86100102 56.95599734 0 P 0
L 46.41101462 57.40598374 46.86100102 57.40598374 0 P 0
L 46.41101462 58.05602054 46.41101462 58.50600694 0 P 0
L 46.41101462 58.05602054 46.86100102 58.05602054 0 P 0
L 46.41101462 58.50600694 46.86100102 58.50600694 0 P 0
L 46.41101462 61.35598854 46.41101462 61.80602574 0 P 0
L 46.41101462 61.35598854 46.86100102 61.35598854 0 P 0
L 46.41101462 61.80602574 46.86100102 61.80602574 0 P 0
L 46.41101462 62.45601174 46.41101462 62.90599814 0 P 0
L 46.41101462 62.45601174 46.86100102 62.45601174 0 P 0
L 46.41101462 62.90599814 46.86100102 62.90599814 0 P 0
L 46.41101462 64.65600734 46.41101462 65.10599374 0 P 0
L 46.41101462 64.65600734 46.86100102 64.65600734 0 P 0
L 46.41101462 65.10599374 46.86100102 65.10599374 0 P 0
L 46.41101462 65.75597974 46.41101462 66.20601694 0 P 0
L 46.41101462 65.75597974 46.86100102 65.75597974 0 P 0
L 46.41101462 66.20601694 46.86100102 66.20601694 0 P 0
L 46.41101462 68.75602454 46.41101462 69.20601094 0 P 0
L 46.41101462 68.75602454 46.86100102 68.75602454 0 P 0
L 46.41101462 69.20601094 46.86100102 69.20601094 0 P 0
L 46.63598242 59.08096896 46.63598242 59.68096776 0 P 0
L 46.63599512 63.48100334 46.63599512 64.08100214 0 P 0
L 46.63600528 60.1810201 46.63600528 60.7810189 0 P 0
L 46.63600782 55.78099334 46.63600782 56.38099214 0 P 0
L 46.63600782 56.88101654 46.63600782 57.48101534 0 P 0
L 46.63600782 57.98098894 46.63600782 58.58098774 0 P 0
L 46.63600782 61.28100774 46.63600782 61.88100654 0 P 0
L 46.63600782 62.38098014 46.63600782 62.98097894 0 P 0
L 46.63600782 64.58102654 46.63600782 65.18102534 0 P 0
L 46.63600782 65.68099894 46.63600782 66.28099774 0 P 0
L 46.63600782 68.68099294 46.63600782 69.28099174 0 P 0
L 46.86097562 59.15600056 46.86097562 59.60598696 0 P 0
L 46.86098832 63.55598414 46.86098832 64.00597054 0 P 0
L 46.86099848 60.2560009 46.86099848 60.7059873 0 P 0
L 46.86100102 55.85602494 46.86100102 56.30601134 0 P 0
L 46.86100102 56.95599734 46.86100102 57.40598374 0 P 0
L 46.86100102 58.05602054 46.86100102 58.50600694 0 P 0
L 46.86100102 61.35598854 46.86100102 61.80602574 0 P 0
L 46.86100102 62.45601174 46.86100102 62.90599814 0 P 0
L 46.86100102 64.65600734 46.86100102 65.10599374 0 P 0
L 46.86100102 65.75597974 46.86100102 66.20601694 0 P 0
L 46.86100102 68.75602454 46.86100102 69.20601094 0 P 0
L 47.43600622 56.08101814 48.03600502 56.08101814 0 P 0
L 47.43600622 57.18099054 48.03600502 57.18099054 0 P 0
L 47.43600622 59.38098614 48.03600502 59.38098614 0 P 0
L 47.43600622 60.48100934 48.03600502 60.48100934 0 P 0
L 47.43600622 61.58098174 48.03600502 61.58098174 0 P 0
L 47.43600622 62.68100494 48.03600502 62.68100494 0 P 0
L 47.43600622 63.78097734 48.03600502 63.78097734 0 P 0
L 47.43600622 64.88100054 48.03600502 64.88100054 0 P 0
L 47.43600622 65.98102374 48.03600502 65.98102374 0 P 0
L 47.51098702 55.85602494 47.51098702 56.30601134 0 P 0
L 47.51098702 55.85602494 47.96102422 55.85602494 0 P 0
L 47.51098702 56.30601134 47.96102422 56.30601134 0 P 0
L 47.51098702 56.95599734 47.51098702 57.40598374 0 P 0
L 47.51098702 56.95599734 47.96102422 56.95599734 0 P 0
L 47.51098702 57.40598374 47.96102422 57.40598374 0 P 0
L 47.51098702 59.15599294 47.51098702 59.60597934 0 P 0
L 47.51098702 59.15599294 47.96102422 59.15599294 0 P 0
L 47.51098702 59.60597934 47.96102422 59.60597934 0 P 0
L 47.51098702 60.25601614 47.51098702 60.70600254 0 P 0
L 47.51098702 60.25601614 47.96102422 60.25601614 0 P 0
L 47.51098702 60.70600254 47.96102422 60.70600254 0 P 0
L 47.51098702 61.35598854 47.51098702 61.80602574 0 P 0
L 47.51098702 61.35598854 47.96102422 61.35598854 0 P 0
L 47.51098702 61.80602574 47.96102422 61.80602574 0 P 0
L 47.51098702 62.45601174 47.51098702 62.90599814 0 P 0
L 47.51098702 62.45601174 47.96102422 62.45601174 0 P 0
L 47.51098702 62.90599814 47.96102422 62.90599814 0 P 0
L 47.51098702 63.55598414 47.51098702 64.00602134 0 P 0
L 47.51098702 63.55598414 47.96102422 63.55598414 0 P 0
L 47.51098702 64.00602134 47.96102422 64.00602134 0 P 0
L 47.51098702 64.65600734 47.51098702 65.10599374 0 P 0
L 47.51098702 64.65600734 47.96102422 64.65600734 0 P 0
L 47.51098702 65.10599374 47.96102422 65.10599374 0 P 0
L 47.51098702 65.75597974 47.51098702 66.20601694 0 P 0
L 47.51098702 65.75597974 47.96102422 65.75597974 0 P 0
L 47.51098702 66.20601694 47.96102422 66.20601694 0 P 0
L 47.73598022 55.78099334 47.73598022 56.38099214 0 P 0
L 47.73598022 56.88101654 47.73598022 57.48101534 0 P 0
L 47.73598022 59.08101214 47.73598022 59.68101094 0 P 0
L 47.73598022 60.18098454 47.73598022 60.78098334 0 P 0
L 47.73598022 61.28100774 47.73598022 61.88100654 0 P 0
L 47.73598022 62.38098014 47.73598022 62.98097894 0 P 0
L 47.73598022 63.48100334 47.73598022 64.08100214 0 P 0
L 47.73598022 64.58102654 47.73598022 65.18102534 0 P 0
L 47.73598022 65.68099894 47.73598022 66.28099774 0 P 0
L 47.96102422 55.85602494 47.96102422 56.30601134 0 P 0
L 47.96102422 56.95599734 47.96102422 57.40598374 0 P 0
L 47.96102422 59.15599294 47.96102422 59.60597934 0 P 0
L 47.96102422 60.25601614 47.96102422 60.70600254 0 P 0
L 47.96102422 61.35598854 47.96102422 61.80602574 0 P 0
L 47.96102422 62.45601174 47.96102422 62.90599814 0 P 0
L 47.96102422 63.55598414 47.96102422 64.00602134 0 P 0
L 47.96102422 64.65600734 47.96102422 65.10599374 0 P 0
L 47.96102422 65.75597974 47.96102422 66.20601694 0 P 0
L 48.53597862 56.08101814 49.13597742 56.08101814 0 P 0
L 48.53597862 57.18099054 49.13597742 57.18099054 0 P 0
L 48.53597862 58.28101374 49.13597742 58.28101374 0 P 0
L 48.61101022 55.85602494 48.61101022 56.30601134 0 P 0
L 48.61101022 55.85602494 49.06099662 55.85602494 0 P 0
L 48.61101022 56.30601134 49.06099662 56.30601134 0 P 0
L 48.61101022 56.95599734 48.61101022 57.40598374 0 P 0
L 48.61101022 56.95599734 49.06099662 56.95599734 0 P 0
L 48.61101022 57.40598374 49.06099662 57.40598374 0 P 0
L 48.61101022 58.05602054 48.61101022 58.50600694 0 P 0
L 48.61101022 58.05602054 49.06099662 58.05602054 0 P 0
L 48.61101022 58.50600694 49.06099662 58.50600694 0 P 0
L 48.83600342 55.78099334 48.83600342 56.38099214 0 P 0
L 48.83600342 56.88101654 48.83600342 57.48101534 0 P 0
L 48.83600342 57.98098894 48.83600342 58.58098774 0 P 0
L 49.06099662 55.85602494 49.06099662 56.30601134 0 P 0
L 49.06099662 56.95599734 49.06099662 57.40598374 0 P 0
L 49.06099662 58.05602054 49.06099662 58.50600694 0 P 0
L 49.08602832 60.48099664 49.68602712 60.48099664 0 P 0
L 49.08602832 61.58099698 49.68602712 61.58099698 0 P 0
L 49.08602832 62.68099224 49.68602712 62.68099224 0 P 0
L 49.08602832 64.880998 49.68602712 64.880998 0 P 0
L 49.16100912 60.25600344 49.16100912 60.70598984 0 P 0
L 49.16100912 60.25600344 49.61104632 60.25600344 0 P 0
L 49.16100912 60.70598984 49.61104632 60.70598984 0 P 0
L 49.16100912 61.35600378 49.16100912 61.80599018 0 P 0
L 49.16100912 61.35600378 49.61104632 61.35600378 0 P 0
L 49.16100912 61.80599018 49.61104632 61.80599018 0 P 0
L 49.16100912 62.45599904 49.16100912 62.90598544 0 P 0
L 49.16100912 62.45599904 49.61104632 62.45599904 0 P 0
L 49.16100912 62.90598544 49.61104632 62.90598544 0 P 0
L 49.16100912 64.6560048 49.16100912 65.1059912 0 P 0
L 49.16100912 64.6560048 49.61104632 64.6560048 0 P 0
L 49.16100912 65.1059912 49.61104632 65.1059912 0 P 0
L 49.38600232 60.18097184 49.38600232 60.78097064 0 P 0
L 49.38600232 61.28097218 49.38600232 61.88097098 0 P 0
L 49.38600232 62.38096744 49.38600232 62.98096624 0 P 0
L 49.38600232 64.5809732 49.38600232 65.180972 0 P 0
L 49.61104632 60.25600344 49.61104632 60.70598984 0 P 0
L 49.61104632 61.35600378 49.61104632 61.80599018 0 P 0
L 49.61104632 62.45599904 49.61104632 62.90598544 0 P 0
L 49.61104632 64.6560048 49.61104632 65.1059912 0 P 0
L 49.63600182 56.08101814 50.23600062 56.08101814 0 P 0
L 49.63600182 57.18099054 50.23600062 57.18099054 0 P 0
L 49.63600182 58.28101374 50.23600062 58.28101374 0 P 0
L 49.63600182 65.98102374 50.23600062 65.98102374 0 P 0
L 49.71098262 55.85602494 49.71098262 56.30601134 0 P 0
L 49.71098262 55.85602494 50.16101982 55.85602494 0 P 0
L 49.71098262 56.30601134 50.16101982 56.30601134 0 P 0
L 49.71098262 56.95599734 49.71098262 57.40598374 0 P 0
L 49.71098262 56.95599734 50.16101982 56.95599734 0 P 0
L 49.71098262 57.40598374 50.16101982 57.40598374 0 P 0
L 49.71098262 58.05602054 49.71098262 58.50600694 0 P 0
L 49.71098262 58.05602054 50.16101982 58.05602054 0 P 0
L 49.71098262 58.50600694 50.16101982 58.50600694 0 P 0
L 49.71098262 65.75597974 49.71098262 66.20601694 0 P 0
L 49.71098262 65.75597974 50.16101982 65.75597974 0 P 0
L 49.71098262 66.20601694 50.16101982 66.20601694 0 P 0
L 49.93597582 55.78099334 49.93597582 56.38099214 0 P 0
L 49.93597582 56.88101654 49.93597582 57.48101534 0 P 0
L 49.93597582 57.98098894 49.93597582 58.58098774 0 P 0
L 49.93597582 65.68099894 49.93597582 66.28099774 0 P 0
L 50.16101982 55.85602494 50.16101982 56.30601134 0 P 0
L 50.16101982 56.95599734 50.16101982 57.40598374 0 P 0
L 50.16101982 58.05602054 50.16101982 58.50600694 0 P 0
L 50.16101982 65.75597974 50.16101982 66.20601694 0 P 0
L 50.18602612 60.48099664 50.78602492 60.48099664 0 P 0
L 50.18602612 61.58099698 50.78602492 61.58099698 0 P 0
L 50.18602612 62.68099224 50.78602492 62.68099224 0 P 0
L 50.18602612 64.880998 50.78602492 64.880998 0 P 0
L 50.26100692 60.25600344 50.26100692 60.70598984 0 P 0
L 50.26100692 60.25600344 50.71104412 60.25600344 0 P 0
L 50.26100692 60.70598984 50.71104412 60.70598984 0 P 0
L 50.26100692 61.35600378 50.26100692 61.80599018 0 P 0
L 50.26100692 61.35600378 50.71104412 61.35600378 0 P 0
L 50.26100692 61.80599018 50.71104412 61.80599018 0 P 0
L 50.26100692 62.45599904 50.26100692 62.90598544 0 P 0
L 50.26100692 62.45599904 50.71104412 62.45599904 0 P 0
L 50.26100692 62.90598544 50.71104412 62.90598544 0 P 0
L 50.26100692 64.6560048 50.26100692 65.1059912 0 P 0
L 50.26100692 64.6560048 50.71104412 64.6560048 0 P 0
L 50.26100692 65.1059912 50.71104412 65.1059912 0 P 0
L 50.48600012 60.18097184 50.48600012 60.78097064 0 P 0
L 50.48600012 61.28097218 50.48600012 61.88097098 0 P 0
L 50.48600012 62.38096744 50.48600012 62.98096624 0 P 0
L 50.48600012 64.5809732 50.48600012 65.180972 0 P 0
L 50.71104412 60.25600344 50.71104412 60.70598984 0 P 0
L 50.71104412 61.35600378 50.71104412 61.80599018 0 P 0
L 50.71104412 62.45599904 50.71104412 62.90598544 0 P 0
L 50.71104412 64.6560048 50.71104412 65.1059912 0 P 0
L 50.73597422 56.08101814 51.33597302 56.08101814 0 P 0
L 50.73597422 57.18099054 51.33597302 57.18099054 0 P 0
L 50.73597422 58.28101374 51.33597302 58.28101374 0 P 0
L 50.81100582 55.85602494 50.81100582 56.30601134 0 P 0
L 50.81100582 55.85602494 51.26099222 55.85602494 0 P 0
L 50.81100582 56.30601134 51.26099222 56.30601134 0 P 0
L 50.81100582 56.95599734 50.81100582 57.40598374 0 P 0
L 50.81100582 56.95599734 51.26099222 56.95599734 0 P 0
L 50.81100582 57.40598374 51.26099222 57.40598374 0 P 0
L 50.81100582 58.05602054 50.81100582 58.50600694 0 P 0
L 50.81100582 58.05602054 51.26099222 58.05602054 0 P 0
L 50.81100582 58.50600694 51.26099222 58.50600694 0 P 0
L 51.03599902 55.78099334 51.03599902 56.38099214 0 P 0
L 51.03599902 56.88101654 51.03599902 57.48101534 0 P 0
L 51.03599902 57.98098894 51.03599902 58.58098774 0 P 0
L 51.26099222 55.85602494 51.26099222 56.30601134 0 P 0
L 51.26099222 56.95599734 51.26099222 57.40598374 0 P 0
L 51.26099222 58.05602054 51.26099222 58.50600694 0 P 0
L 51.83599742 56.08101814 52.43599622 56.08101814 0 P 0
L 51.83599742 57.18099054 52.43599622 57.18099054 0 P 0
L 51.83599742 59.38098614 52.43599622 59.38098614 0 P 0
L 51.83599742 60.48100934 52.43599622 60.48100934 0 P 0
L 51.83599742 61.58098174 52.43599622 61.58098174 0 P 0
L 51.83599742 63.78097734 52.43599622 63.78097734 0 P 0
L 51.83599742 64.88100054 52.43599622 64.88100054 0 P 0
L 51.83599742 65.98102374 52.43599622 65.98102374 0 P 0
L 51.83602028 62.68101002 52.43601908 62.68101002 0 P 0
L 51.91097822 55.85602494 51.91097822 56.30601134 0 P 0
L 51.91097822 55.85602494 52.36101542 55.85602494 0 P 0
L 51.91097822 56.30601134 52.36101542 56.30601134 0 P 0
L 51.91097822 56.95599734 51.91097822 57.40598374 0 P 0
L 51.91097822 56.95599734 52.36101542 56.95599734 0 P 0
L 51.91097822 57.40598374 52.36101542 57.40598374 0 P 0
L 51.91097822 59.15599294 51.91097822 59.60597934 0 P 0
L 51.91097822 59.15599294 52.36101542 59.15599294 0 P 0
L 51.91097822 59.60597934 52.36101542 59.60597934 0 P 0
L 51.91097822 60.25601614 51.91097822 60.70600254 0 P 0
L 51.91097822 60.25601614 52.36101542 60.25601614 0 P 0
L 51.91097822 60.70600254 52.36101542 60.70600254 0 P 0
L 51.91097822 61.35598854 51.91097822 61.80602574 0 P 0
L 51.91097822 61.35598854 52.36101542 61.35598854 0 P 0
L 51.91097822 61.80602574 52.36101542 61.80602574 0 P 0
L 51.91097822 63.55598414 51.91097822 64.00602134 0 P 0
L 51.91097822 63.55598414 52.36101542 63.55598414 0 P 0
L 51.91097822 64.00602134 52.36101542 64.00602134 0 P 0
L 51.91097822 64.65600734 51.91097822 65.10599374 0 P 0
L 51.91097822 64.65600734 52.36101542 64.65600734 0 P 0
L 51.91097822 65.10599374 52.36101542 65.10599374 0 P 0
L 51.91097822 65.75597974 51.91097822 66.20601694 0 P 0
L 51.91097822 65.75597974 52.36101542 65.75597974 0 P 0
L 51.91097822 66.20601694 52.36101542 66.20601694 0 P 0
L 51.91100108 62.45601682 51.91100108 62.90600322 0 P 0
L 51.91100108 62.45601682 52.36098748 62.45601682 0 P 0
L 51.91100108 62.90600322 52.36098748 62.90600322 0 P 0
L 52.13599428 62.38098522 52.13599428 62.98098402 0 P 0
L 52.13602222 55.78099334 52.13602222 56.38099214 0 P 0
L 52.13602222 56.88101654 52.13602222 57.48101534 0 P 0
L 52.13602222 59.08101214 52.13602222 59.68101094 0 P 0
L 52.13602222 60.18098454 52.13602222 60.78098334 0 P 0
L 52.13602222 61.28100774 52.13602222 61.88100654 0 P 0
L 52.13602222 63.48100334 52.13602222 64.08100214 0 P 0
L 52.13602222 64.58102654 52.13602222 65.18102534 0 P 0
L 52.13602222 65.68099894 52.13602222 66.28099774 0 P 0
L 52.36098748 62.45601682 52.36098748 62.90600322 0 P 0
L 52.36101542 55.85602494 52.36101542 56.30601134 0 P 0
L 52.36101542 56.95599734 52.36101542 57.40598374 0 P 0
L 52.36101542 59.15599294 52.36101542 59.60597934 0 P 0
L 52.36101542 60.25601614 52.36101542 60.70600254 0 P 0
L 52.36101542 61.35598854 52.36101542 61.80602574 0 P 0
L 52.36101542 63.55598414 52.36101542 64.00602134 0 P 0
L 52.36101542 64.65600734 52.36101542 65.10599374 0 P 0
L 52.36101542 65.75597974 52.36101542 66.20601694 0 P 0
L 52.93596982 62.68100494 53.53596862 62.68100494 0 P 0
L 52.93602062 56.08101814 53.53601942 56.08101814 0 P 0
L 52.93602062 57.18099054 53.53601942 57.18099054 0 P 0
L 52.93602062 58.28101374 53.53601942 58.28101374 0 P 0
L 52.93602062 59.38098614 53.53601942 59.38098614 0 P 0
L 52.93602062 60.48100934 53.53601942 60.48100934 0 P 0
L 52.93602062 61.58098174 53.53601942 61.58098174 0 P 0
L 52.93602062 63.78097734 53.53601942 63.78097734 0 P 0
L 52.93602062 64.88100054 53.53601942 64.88100054 0 P 0
L 52.93602062 65.98102374 53.53601942 65.98102374 0 P 0
L 52.93602062 68.98101774 53.53601942 68.98101774 0 P 0
L 53.01095062 62.45601174 53.01095062 62.90599814 0 P 0
L 53.01095062 62.45601174 53.46098782 62.45601174 0 P 0
L 53.01095062 62.90599814 53.46098782 62.90599814 0 P 0
L 53.01100142 55.85602494 53.01100142 56.30601134 0 P 0
L 53.01100142 55.85602494 53.46098782 55.85602494 0 P 0
L 53.01100142 56.30601134 53.46098782 56.30601134 0 P 0
L 53.01100142 56.95599734 53.01100142 57.40598374 0 P 0
L 53.01100142 56.95599734 53.46098782 56.95599734 0 P 0
L 53.01100142 57.40598374 53.46098782 57.40598374 0 P 0
L 53.01100142 58.05602054 53.01100142 58.50600694 0 P 0
L 53.01100142 58.05602054 53.46098782 58.05602054 0 P 0
L 53.01100142 58.50600694 53.46098782 58.50600694 0 P 0
L 53.01100142 59.15599294 53.01100142 59.60597934 0 P 0
L 53.01100142 59.15599294 53.46098782 59.15599294 0 P 0
L 53.01100142 59.60597934 53.46098782 59.60597934 0 P 0
L 53.01100142 60.25601614 53.01100142 60.70600254 0 P 0
L 53.01100142 60.25601614 53.46098782 60.25601614 0 P 0
L 53.01100142 60.70600254 53.46098782 60.70600254 0 P 0
L 53.01100142 61.35598854 53.01100142 61.80602574 0 P 0
L 53.01100142 61.35598854 53.46098782 61.35598854 0 P 0
L 53.01100142 61.80602574 53.46098782 61.80602574 0 P 0
L 53.01100142 63.55598414 53.01100142 64.00602134 0 P 0
L 53.01100142 63.55598414 53.46098782 63.55598414 0 P 0
L 53.01100142 64.00602134 53.46098782 64.00602134 0 P 0
L 53.01100142 64.65600734 53.01100142 65.10599374 0 P 0
L 53.01100142 64.65600734 53.46098782 64.65600734 0 P 0
L 53.01100142 65.10599374 53.46098782 65.10599374 0 P 0
L 53.01100142 65.75597974 53.01100142 66.20601694 0 P 0
L 53.01100142 65.75597974 53.46098782 65.75597974 0 P 0
L 53.01100142 66.20601694 53.46098782 66.20601694 0 P 0
L 53.01100142 68.75602454 53.01100142 69.20601094 0 P 0
L 53.01100142 68.75602454 53.46098782 68.75602454 0 P 0
L 53.01100142 69.20601094 53.46098782 69.20601094 0 P 0
L 53.23599462 55.78099334 53.23599462 56.38099214 0 P 0
L 53.23599462 56.88101654 53.23599462 57.48101534 0 P 0
L 53.23599462 57.98098894 53.23599462 58.58098774 0 P 0
L 53.23599462 59.08101214 53.23599462 59.68101094 0 P 0
L 53.23599462 60.18098454 53.23599462 60.78098334 0 P 0
L 53.23599462 61.28100774 53.23599462 61.88100654 0 P 0
L 53.23599462 62.38098014 53.23599462 62.98097894 0 P 0
L 53.23599462 63.48100334 53.23599462 64.08100214 0 P 0
L 53.23599462 64.58102654 53.23599462 65.18102534 0 P 0
L 53.23599462 65.68099894 53.23599462 66.28099774 0 P 0
L 53.23599462 68.68099294 53.23599462 69.28099174 0 P 0
L 53.46098782 55.85602494 53.46098782 56.30601134 0 P 0
L 53.46098782 56.95599734 53.46098782 57.40598374 0 P 0
L 53.46098782 58.05602054 53.46098782 58.50600694 0 P 0
L 53.46098782 59.15599294 53.46098782 59.60597934 0 P 0
L 53.46098782 60.25601614 53.46098782 60.70600254 0 P 0
L 53.46098782 61.35598854 53.46098782 61.80602574 0 P 0
L 53.46098782 62.45601174 53.46098782 62.90599814 0 P 0
L 53.46098782 63.55598414 53.46098782 64.00602134 0 P 0
L 53.46098782 64.65600734 53.46098782 65.10599374 0 P 0
L 53.46098782 65.75597974 53.46098782 66.20601694 0 P 0
L 53.46098782 68.75602454 53.46098782 69.20601094 0 P 0
L 54.03599302 56.08101814 54.63599182 56.08101814 0 P 0
L 54.03599302 57.18099054 54.63599182 57.18099054 0 P 0
L 54.03599302 58.28101374 54.63599182 58.28101374 0 P 0
L 54.03599302 59.38098614 54.63599182 59.38098614 0 P 0
L 54.03599302 60.48100934 54.63599182 60.48100934 0 P 0
L 54.03599302 61.58098174 54.63599182 61.58098174 0 P 0
L 54.03599302 62.68100494 54.63599182 62.68100494 0 P 0
L 54.03599302 63.78097734 54.63599182 63.78097734 0 P 0
L 54.03599302 64.88100054 54.63599182 64.88100054 0 P 0
L 54.03599302 65.98102374 54.63599182 65.98102374 0 P 0
L 54.03599302 67.48099534 54.63599182 67.48099534 0 P 0
L 54.03599302 68.98101774 54.63599182 68.98101774 0 P 0
L 54.11097382 55.85602494 54.11097382 56.30601134 0 P 0
L 54.11097382 55.85602494 54.56101102 55.85602494 0 P 0
L 54.11097382 56.30601134 54.56101102 56.30601134 0 P 0
L 54.11097382 56.95599734 54.11097382 57.40598374 0 P 0
L 54.11097382 56.95599734 54.56101102 56.95599734 0 P 0
L 54.11097382 57.40598374 54.56101102 57.40598374 0 P 0
L 54.11097382 58.05602054 54.11097382 58.50600694 0 P 0
L 54.11097382 58.05602054 54.56101102 58.05602054 0 P 0
L 54.11097382 58.50600694 54.56101102 58.50600694 0 P 0
L 54.11097382 59.15599294 54.11097382 59.60597934 0 P 0
L 54.11097382 59.15599294 54.56101102 59.15599294 0 P 0
L 54.11097382 59.60597934 54.56101102 59.60597934 0 P 0
L 54.11097382 60.25601614 54.11097382 60.70600254 0 P 0
L 54.11097382 60.25601614 54.56101102 60.25601614 0 P 0
L 54.11097382 60.70600254 54.56101102 60.70600254 0 P 0
L 54.11097382 61.35598854 54.11097382 61.80602574 0 P 0
L 54.11097382 61.35598854 54.56101102 61.35598854 0 P 0
L 54.11097382 61.80602574 54.56101102 61.80602574 0 P 0
L 54.11097382 62.45601174 54.11097382 62.90599814 0 P 0
L 54.11097382 62.45601174 54.56101102 62.45601174 0 P 0
L 54.11097382 62.90599814 54.56101102 62.90599814 0 P 0
L 54.11097382 63.55598414 54.11097382 64.00602134 0 P 0
L 54.11097382 63.55598414 54.56101102 63.55598414 0 P 0
L 54.11097382 64.00602134 54.56101102 64.00602134 0 P 0
L 54.11097382 64.65600734 54.11097382 65.10599374 0 P 0
L 54.11097382 64.65600734 54.56101102 64.65600734 0 P 0
L 54.11097382 65.10599374 54.56101102 65.10599374 0 P 0
L 54.11097382 65.75597974 54.11097382 66.20601694 0 P 0
L 54.11097382 65.75597974 54.56101102 65.75597974 0 P 0
L 54.11097382 66.20601694 54.56101102 66.20601694 0 P 0
L 54.11097382 67.25600214 54.11097382 67.70598854 0 P 0
L 54.11097382 67.25600214 54.56101102 67.25600214 0 P 0
L 54.11097382 67.70598854 54.56101102 67.70598854 0 P 0
L 54.11097382 68.75602454 54.11097382 69.20601094 0 P 0
L 54.11097382 68.75602454 54.56101102 68.75602454 0 P 0
L 54.11097382 69.20601094 54.56101102 69.20601094 0 P 0
L 54.33601782 55.78099334 54.33601782 56.38099214 0 P 0
L 54.33601782 56.88101654 54.33601782 57.48101534 0 P 0
L 54.33601782 57.98098894 54.33601782 58.58098774 0 P 0
L 54.33601782 59.08101214 54.33601782 59.68101094 0 P 0
L 54.33601782 60.18098454 54.33601782 60.78098334 0 P 0
L 54.33601782 61.28100774 54.33601782 61.88100654 0 P 0
L 54.33601782 62.38098014 54.33601782 62.98097894 0 P 0
L 54.33601782 63.48100334 54.33601782 64.08100214 0 P 0
L 54.33601782 64.58102654 54.33601782 65.18102534 0 P 0
L 54.33601782 65.68099894 54.33601782 66.28099774 0 P 0
L 54.33601782 67.18102134 54.33601782 67.78102014 0 P 0
L 54.33601782 68.68099294 54.33601782 69.28099174 0 P 0
L 54.56101102 55.85602494 54.56101102 56.30601134 0 P 0
L 54.56101102 56.95599734 54.56101102 57.40598374 0 P 0
L 54.56101102 58.05602054 54.56101102 58.50600694 0 P 0
L 54.56101102 59.15599294 54.56101102 59.60597934 0 P 0
L 54.56101102 60.25601614 54.56101102 60.70600254 0 P 0
L 54.56101102 61.35598854 54.56101102 61.80602574 0 P 0
L 54.56101102 62.45601174 54.56101102 62.90599814 0 P 0
L 54.56101102 63.55598414 54.56101102 64.00602134 0 P 0
L 54.56101102 64.65600734 54.56101102 65.10599374 0 P 0
L 54.56101102 65.75597974 54.56101102 66.20601694 0 P 0
L 54.56101102 67.25600214 54.56101102 67.70598854 0 P 0
L 54.56101102 68.75602454 54.56101102 69.20601094 0 P 0
L 209.0718958 -3.47787214 232.4398958 -3.47787214 1 P 0
L 209.0718958 -5.89087214 209.0718958 -3.47787214 1 P 0
L 209.0718958 -5.89087214 232.4398958 -5.89087214 1 P 0
L 215.67586532 -4.82751384 215.67586532 -4.97272056 2 P 0 ;0,1=0,2=0.000000
L 215.67586532 -4.97272056 215.70490768 -5.0598451 2 P 0 ;0,1=0,2=0.000000
L 215.70490768 -4.7403893 215.67586532 -4.82751384 2 P 0 ;0,1=0,2=0.000000
L 215.70490768 -5.0598451 215.7339475 -5.11792728 2 P 0 ;0,1=0,2=0.000000
L 215.7339475 -4.68230712 215.70490768 -4.7403893 2 P 0 ;0,1=0,2=0.000000
L 215.7339475 -5.11792728 215.79202968 -5.17600946 2 P 0 ;0,1=0,2=0.000000
L 215.79202968 -4.62422494 215.7339475 -4.68230712 2 P 0 ;0,1=0,2=0.000000
L 215.79202968 -5.17600946 215.8501144 -5.20505182 2 P 0 ;0,1=0,2=0.000000
L 215.8501144 -4.59518258 215.79202968 -4.62422494 2 P 0 ;0,1=0,2=0.000000
L 215.8501144 -5.20505182 215.96627876 -5.20505182 2 P 0 ;0,1=0,2=0.000000
L 215.96627876 -4.59518258 215.8501144 -4.59518258 2 P 0 ;0,1=0,2=0.000000
L 215.96627876 -5.20505182 216.02436094 -5.17600946 2 P 0 ;0,1=0,2=0.000000
L 216.02436094 -4.62422494 215.96627876 -4.59518258 2 P 0 ;0,1=0,2=0.000000
L 216.02436094 -5.17600946 216.08244312 -5.11792728 2 P 0 ;0,1=0,2=0.000000
L 216.08244312 -4.68230712 216.02436094 -4.62422494 2 P 0 ;0,1=0,2=0.000000
L 216.08244312 -5.11792728 216.11148548 -5.0598451 2 P 0 ;0,1=0,2=0.000000
L 216.11148548 -4.7403893 216.08244312 -4.68230712 2 P 0 ;0,1=0,2=0.000000
L 216.2828288 -4.97272056 216.2828288 -5.03080274 2 P 0 ;0,1=0,2=0.000000
L 216.2828288 -5.03080274 216.31187116 -5.11792728 2 P 0 ;0,1=0,2=0.000000
L 216.31187116 -4.88559602 216.2828288 -4.97272056 2 P 0 ;0,1=0,2=0.000000
L 216.31187116 -5.11792728 216.36995334 -5.17600946 2 P 0 ;0,1=0,2=0.000000
L 216.36995334 -4.82751384 216.31187116 -4.88559602 2 P 0 ;0,1=0,2=0.000000
L 216.36995334 -5.17600946 216.42803552 -5.20505182 2 P 0 ;0,1=0,2=0.000000
L 216.42803552 -4.79847402 216.36995334 -4.82751384 2 P 0 ;0,1=0,2=0.000000
L 216.42803552 -5.20505182 216.51516006 -5.20505182 2 P 0 ;0,1=0,2=0.000000
L 216.51516006 -4.79847402 216.42803552 -4.79847402 2 P 0 ;0,1=0,2=0.000000
L 216.51516006 -5.20505182 216.57324224 -5.17600946 2 P 0 ;0,1=0,2=0.000000
L 216.57324224 -4.82751384 216.51516006 -4.79847402 2 P 0 ;0,1=0,2=0.000000
L 216.57324224 -5.17600946 216.63132442 -5.11792728 2 P 0 ;0,1=0,2=0.000000
L 216.63132442 -4.88559602 216.57324224 -4.82751384 2 P 0 ;0,1=0,2=0.000000
L 216.63132442 -5.11792728 216.66036678 -5.03080274 2 P 0 ;0,1=0,2=0.000000
L 216.66036678 -4.97272056 216.63132442 -4.88559602 2 P 0 ;0,1=0,2=0.000000
L 216.66036678 -5.03080274 216.66036678 -4.97272056 2 P 0 ;0,1=0,2=0.000000
L 216.79395554 -4.79847402 216.79395554 -5.08888746 2 P 0 ;0,1=0,2=0.000000
L 216.79395554 -5.08888746 216.8229979 -5.17600946 2 P 0 ;0,1=0,2=0.000000
L 216.8229979 -5.17600946 216.88108008 -5.20505182 2 P 0 ;0,1=0,2=0.000000
L 216.88108008 -5.20505182 216.96820462 -5.20505182 2 P 0 ;0,1=0,2=0.000000
L 216.96820462 -5.20505182 217.0262868 -5.17600946 2 P 0 ;0,1=0,2=0.000000
L 217.0262868 -5.17600946 217.11341134 -5.08888746 2 P 0 ;0,1=0,2=0.000000
L 217.11341134 -4.79847402 217.11341134 -5.20505182 2 P 0 ;0,1=0,2=0.000000
L 217.2731367 -4.79847402 217.4764256 -4.79847402 2 P 0 ;0,1=0,2=0.000000
L 217.36026124 -4.59518258 217.36026124 -5.08888746 2 P 0 ;0,1=0,2=0.000000
L 217.36026124 -5.08888746 217.38930106 -5.17600946 2 P 0 ;0,1=0,2=0.000000
L 217.38930106 -5.17600946 217.44738578 -5.20505182 2 P 0 ;0,1=0,2=0.000000
L 217.44738578 -5.20505182 217.50546796 -5.20505182 2 P 0 ;0,1=0,2=0.000000
L 217.5925925 -4.79847402 217.5925925 -5.20505182 2 P 0 ;0,1=0,2=0.000000
L 217.5925925 -4.97272056 217.62163486 -4.88559602 2 P 0 ;0,1=0,2=0.000000
L 217.62163486 -4.88559602 217.67971704 -4.82751384 2 P 0 ;0,1=0,2=0.000000
L 217.67971704 -4.82751384 217.73779922 -4.79847402 2 P 0 ;0,1=0,2=0.000000
L 217.73779922 -4.79847402 217.82492376 -4.79847402 2 P 0 ;0,1=0,2=0.000000
L 217.90914508 -4.79847402 218.08339162 -5.20505182 2 P 0 ;0,1=0,2=0.000000
L 217.90914508 -5.40834072 217.88010272 -5.40834072 2 P 0 ;0,1=0,2=0.000000
L 217.96722726 -5.3793009 217.90914508 -5.40834072 2 P 0 ;0,1=0,2=0.000000
L 218.02530944 -5.32121618 217.96722726 -5.3793009 2 P 0 ;0,1=0,2=0.000000
L 218.08339162 -5.20505182 218.02530944 -5.32121618 2 P 0 ;0,1=0,2=0.000000
L 218.2576407 -4.79847402 218.08339162 -5.20505182 2 P 0 ;0,1=0,2=0.000000
L 218.35928388 -4.97272056 218.35928388 -5.03080274 2 P 0 ;0,1=0,2=0.000000
L 218.35928388 -5.03080274 218.38832624 -5.11792728 2 P 0 ;0,1=0,2=0.000000
L 218.38832624 -4.88559602 218.35928388 -4.97272056 2 P 0 ;0,1=0,2=0.000000
L 218.38832624 -5.11792728 218.44640842 -5.17600946 2 P 0 ;0,1=0,2=0.000000
L 218.44640842 -4.82751384 218.38832624 -4.88559602 2 P 0 ;0,1=0,2=0.000000
L 218.44640842 -5.17600946 218.5044906 -5.20505182 2 P 0 ;0,1=0,2=0.000000
L 218.5044906 -4.79847402 218.44640842 -4.82751384 2 P 0 ;0,1=0,2=0.000000
L 218.5044906 -5.20505182 218.59161514 -5.20505182 2 P 0 ;0,1=0,2=0.000000
L 218.59161514 -4.79847402 218.5044906 -4.79847402 2 P 0 ;0,1=0,2=0.000000
L 218.59161514 -5.20505182 218.64969732 -5.17600946 2 P 0 ;0,1=0,2=0.000000
L 218.64969732 -4.82751384 218.59161514 -4.79847402 2 P 0 ;0,1=0,2=0.000000
L 218.64969732 -5.17600946 218.7077795 -5.11792728 2 P 0 ;0,1=0,2=0.000000
L 218.7077795 -4.79847402 218.7077795 -5.20505182 2 P 0 ;0,1=0,2=0.000000
L 218.7077795 -4.88559602 218.64969732 -4.82751384 2 P 0 ;0,1=0,2=0.000000
L 218.87041062 -4.79847402 218.87041062 -5.20505182 2 P 0 ;0,1=0,2=0.000000
L 218.87041062 -4.97272056 218.89945298 -4.88559602 2 P 0 ;0,1=0,2=0.000000
L 218.89945298 -4.88559602 218.95753516 -4.82751384 2 P 0 ;0,1=0,2=0.000000
L 218.95753516 -4.82751384 219.01561734 -4.79847402 2 P 0 ;0,1=0,2=0.000000
L 219.01561734 -4.79847402 219.10274188 -4.79847402 2 P 0 ;0,1=0,2=0.000000
L 219.15792084 -4.97272056 219.15792084 -5.03080274 2 P 0 ;0,1=0,2=0.000000
L 219.15792084 -5.03080274 219.1869632 -5.11792728 2 P 0 ;0,1=0,2=0.000000
L 219.1869632 -4.88559602 219.15792084 -4.97272056 2 P 0 ;0,1=0,2=0.000000
L 219.1869632 -5.11792728 219.24504538 -5.17600946 2 P 0 ;0,1=0,2=0.000000
L 219.24504538 -4.82751384 219.1869632 -4.88559602 2 P 0 ;0,1=0,2=0.000000
L 219.24504538 -5.17600946 219.30312756 -5.20505182 2 P 0 ;0,1=0,2=0.000000
L 219.30312756 -4.79847402 219.24504538 -4.82751384 2 P 0 ;0,1=0,2=0.000000
L 219.30312756 -5.20505182 219.3902521 -5.20505182 2 P 0 ;0,1=0,2=0.000000
L 219.3902521 -4.79847402 219.30312756 -4.79847402 2 P 0 ;0,1=0,2=0.000000
L 219.3902521 -5.20505182 219.44833428 -5.17600946 2 P 0 ;0,1=0,2=0.000000
L 219.44833428 -4.82751384 219.3902521 -4.79847402 2 P 0 ;0,1=0,2=0.000000
L 219.44833428 -5.17600946 219.50641646 -5.11792728 2 P 0 ;0,1=0,2=0.000000
L 219.50641646 -4.59518258 219.50641646 -5.20505182 2 P 0 ;0,1=0,2=0.000000
L 219.50641646 -4.88559602 219.44833428 -4.82751384 2 P 0 ;0,1=0,2=0.000000
L 220.14822874 -4.59518258 220.14822874 -5.20505182 2 P 0 ;0,1=0,2=0.000000
L 220.14822874 -4.59518258 220.40959982 -4.59518258 2 P 0 ;0,1=0,2=0.000000
L 220.14822874 -4.88559602 220.40959982 -4.88559602 2 P 0 ;0,1=0,2=0.000000
L 220.40959982 -4.59518258 220.49672436 -4.62422494 2 P 0 ;0,1=0,2=0.000000
L 220.40959982 -4.88559602 220.49672436 -4.91463838 2 P 0 ;0,1=0,2=0.000000
L 220.40959982 -5.20505182 220.14822874 -5.20505182 2 P 0 ;0,1=0,2=0.000000
L 220.49672436 -4.62422494 220.52576672 -4.6532673 2 P 0 ;0,1=0,2=0.000000
L 220.49672436 -4.8565562 220.40959982 -4.88559602 2 P 0 ;0,1=0,2=0.000000
L 220.49672436 -4.91463838 220.52576672 -4.94368074 2 P 0 ;0,1=0,2=0.000000
L 220.49672436 -5.17600946 220.40959982 -5.20505182 2 P 0 ;0,1=0,2=0.000000
L 220.52576672 -4.6532673 220.55480654 -4.71134948 2 P 0 ;0,1=0,2=0.000000
L 220.52576672 -4.82751384 220.49672436 -4.8565562 2 P 0 ;0,1=0,2=0.000000
L 220.52576672 -4.94368074 220.55480654 -5.00176292 2 P 0 ;0,1=0,2=0.000000
L 220.52576672 -5.14696964 220.49672436 -5.17600946 2 P 0 ;0,1=0,2=0.000000
L 220.55480654 -4.71134948 220.55480654 -4.76943166 2 P 0 ;0,1=0,2=0.000000
L 220.55480654 -4.76943166 220.52576672 -4.82751384 2 P 0 ;0,1=0,2=0.000000
L 220.55480654 -5.00176292 220.55480654 -5.08888746 2 P 0 ;0,1=0,2=0.000000
L 220.55480654 -5.08888746 220.52576672 -5.14696964 2 P 0 ;0,1=0,2=0.000000
L 220.69130106 -4.97272056 220.69130106 -5.03080274 2 P 0 ;0,1=0,2=0.000000
L 220.69130106 -5.03080274 220.72034342 -5.11792728 2 P 0 ;0,1=0,2=0.000000
L 220.72034342 -4.88559602 220.69130106 -4.97272056 2 P 0 ;0,1=0,2=0.000000
L 220.72034342 -5.11792728 220.7784256 -5.17600946 2 P 0 ;0,1=0,2=0.000000
L 220.7784256 -4.82751384 220.72034342 -4.88559602 2 P 0 ;0,1=0,2=0.000000
L 220.7784256 -5.17600946 220.83650778 -5.20505182 2 P 0 ;0,1=0,2=0.000000
L 220.83650778 -4.79847402 220.7784256 -4.82751384 2 P 0 ;0,1=0,2=0.000000
L 220.83650778 -5.20505182 220.92363232 -5.20505182 2 P 0 ;0,1=0,2=0.000000
L 220.92363232 -4.79847402 220.83650778 -4.79847402 2 P 0 ;0,1=0,2=0.000000
L 220.92363232 -5.20505182 220.9817145 -5.17600946 2 P 0 ;0,1=0,2=0.000000
L 220.9817145 -4.82751384 220.92363232 -4.79847402 2 P 0 ;0,1=0,2=0.000000
L 220.9817145 -5.17600946 221.03979668 -5.11792728 2 P 0 ;0,1=0,2=0.000000
L 221.03979668 -4.88559602 220.9817145 -4.82751384 2 P 0 ;0,1=0,2=0.000000
L 221.03979668 -5.11792728 221.06883904 -5.03080274 2 P 0 ;0,1=0,2=0.000000
L 221.06883904 -4.97272056 221.03979668 -4.88559602 2 P 0 ;0,1=0,2=0.000000
L 221.06883904 -5.03080274 221.06883904 -4.97272056 2 P 0 ;0,1=0,2=0.000000
L 221.2024278 -4.79847402 221.4057167 -4.79847402 2 P 0 ;0,1=0,2=0.000000
L 221.28955234 -4.59518258 221.28955234 -5.08888746 2 P 0 ;0,1=0,2=0.000000
L 221.28955234 -5.08888746 221.31859216 -5.17600946 2 P 0 ;0,1=0,2=0.000000
L 221.31859216 -5.17600946 221.37667688 -5.20505182 2 P 0 ;0,1=0,2=0.000000
L 221.37667688 -5.20505182 221.43475906 -5.20505182 2 P 0 ;0,1=0,2=0.000000
L 221.5218836 -4.79847402 221.7251725 -4.79847402 2 P 0 ;0,1=0,2=0.000000
L 221.60900814 -4.59518258 221.60900814 -5.08888746 2 P 0 ;0,1=0,2=0.000000
L 221.60900814 -5.08888746 221.63804796 -5.17600946 2 P 0 ;0,1=0,2=0.000000
L 221.63804796 -5.17600946 221.69613268 -5.20505182 2 P 0 ;0,1=0,2=0.000000
L 221.69613268 -5.20505182 221.75421486 -5.20505182 2 P 0 ;0,1=0,2=0.000000
L 221.8413394 -4.97272056 221.8413394 -5.03080274 2 P 0 ;0,1=0,2=0.000000
L 221.8413394 -5.03080274 221.87038176 -5.11792728 2 P 0 ;0,1=0,2=0.000000
L 221.87038176 -4.88559602 221.8413394 -4.97272056 2 P 0 ;0,1=0,2=0.000000
L 221.87038176 -5.11792728 221.92846394 -5.17600946 2 P 0 ;0,1=0,2=0.000000
L 221.92846394 -4.82751384 221.87038176 -4.88559602 2 P 0 ;0,1=0,2=0.000000
L 221.92846394 -5.17600946 221.98654612 -5.20505182 2 P 0 ;0,1=0,2=0.000000
L 221.98654612 -4.79847402 221.92846394 -4.82751384 2 P 0 ;0,1=0,2=0.000000
L 221.98654612 -5.20505182 222.07367066 -5.20505182 2 P 0 ;0,1=0,2=0.000000
L 222.07367066 -4.79847402 221.98654612 -4.79847402 2 P 0 ;0,1=0,2=0.000000
L 222.07367066 -5.20505182 222.13175284 -5.17600946 2 P 0 ;0,1=0,2=0.000000
L 222.13175284 -4.82751384 222.07367066 -4.79847402 2 P 0 ;0,1=0,2=0.000000
L 222.13175284 -5.17600946 222.18983502 -5.11792728 2 P 0 ;0,1=0,2=0.000000
L 222.18983502 -4.88559602 222.13175284 -4.82751384 2 P 0 ;0,1=0,2=0.000000
L 222.18983502 -5.11792728 222.21887738 -5.03080274 2 P 0 ;0,1=0,2=0.000000
L 222.21887738 -4.97272056 222.18983502 -4.88559602 2 P 0 ;0,1=0,2=0.000000
L 222.21887738 -5.03080274 222.21887738 -4.97272056 2 P 0 ;0,1=0,2=0.000000
L 222.35246614 -4.79847402 222.35246614 -5.20505182 2 P 0 ;0,1=0,2=0.000000
L 222.35246614 -4.91463838 222.43959068 -4.82751384 2 P 0 ;0,1=0,2=0.000000
L 222.43959068 -4.82751384 222.49767286 -4.79847402 2 P 0 ;0,1=0,2=0.000000
L 222.49767286 -4.79847402 222.5847974 -4.79847402 2 P 0 ;0,1=0,2=0.000000
L 222.5847974 -4.79847402 222.64287958 -4.82751384 2 P 0 ;0,1=0,2=0.000000
L 222.64287958 -4.82751384 222.67192194 -4.91463838 2 P 0 ;0,1=0,2=0.000000
L 222.67192194 -4.91463838 222.67192194 -5.20505182 2 P 0 ;0,1=0,2=0.000000
L 222.67192194 -4.91463838 222.75904394 -4.82751384 2 P 0 ;0,1=0,2=0.000000
L 222.75904394 -4.82751384 222.81712866 -4.79847402 2 P 0 ;0,1=0,2=0.000000
L 222.81712866 -4.79847402 222.90425066 -4.79847402 2 P 0 ;0,1=0,2=0.000000
L 222.90425066 -4.79847402 222.96233538 -4.82751384 2 P 0 ;0,1=0,2=0.000000
L 222.96233538 -4.82751384 222.9913752 -4.91463838 2 P 0 ;0,1=0,2=0.000000
L 222.9913752 -4.91463838 222.9913752 -5.20505182 2 P 0 ;0,1=0,2=0.000000
L 232.4398958 -5.89087214 232.4398958 -3.47787214 1 P 0
P 211.4848958 -4.68437214 3 P 0 0
